0 0.5
0.25 0.5
0.5 0.5
0.75 0.5
1 0.5
1.25 0.5
1.5 0.5
1.75 0.5
2 0.5
2.25 0.5
2.5 0.5
2.75 0.5
3 0.5
3.25 0.5
3.5 0.5
3.75 0.5
4 0.5
4.25 0.5
4.5 0.5
4.75 0.5
5 0.5
5.25 0.5
5.5 0.5
5.75 0.5
6 0.5
6.25 0.5
6.5 0.5
6.75 0.5
7 0.5
7.25 0.5
7.5 0.5
7.75 0.5
8 0.5
8.25 0.5
8.5 0.5
8.75 0.5
9 0.5
9.25 0.5
9.5 0.5
9.75 0.5
10 0.5
10.25 0.5
10.5 0.5
10.75 0.5
11 0.5
11.25 0.5
11.5 0.5
11.75 0.5
12 0.5
12.25 0.5
12.5 0.5
12.75 0.5
13 0.5
13.25 0.5
13.5 0.5
13.75 0.5
14 0.5
14.25 0.5
14.5 0.5
14.75 0.5
15 0.5
15.25 0.5
15.5 0.5
15.75 0.5
16 1.13641e-42
16.25 7.9165e-43
16.5 5.57818e-43
16.75 3.93134e-43
17 2.78236e-43
17.25 1.95991e-43
17.5 1.38166e-43
17.75 9.92499e-44
18 7.20279e-44
18.25 5.27866e-44
18.5 3.93567e-44
18.75 3.00974e-44
19 2.36592e-44
19.25 1.90372e-44
19.5 1.57656e-44
19.75 1.34134e-44
20 1.17642e-44
20.25 1.0626e-44
20.5 9.85368e-45
20.75 9.38457e-45
21 9.10533e-45
21.25 8.97457e-45
21.5 9.02346e-45
21.75 9.15448e-45
22 9.38791e-45
22.25 9.74031e-45
22.5 1.01665e-44
22.75 1.07117e-44
23 1.12763e-44
23.25 1.17927e-44
23.5 1.22562e-44
23.75 1.26624e-44
24 1.28481e-44
24.25 1.29009e-44
24.5 1.27824e-44
24.75 1.24617e-44
25 1.2064e-44
25.25 1.16287e-44
25.5 1.11521e-44
25.75 1.05252e-44
26 9.82688e-45
26.25 9.136e-45
26.5 8.36413e-45
26.75 7.59816e-45
27 6.86916e-45
27.25 6.16367e-45
27.5 5.48139e-45
27.75 4.83222e-45
28 4.25458e-45
28.25 3.74204e-45
28.5 3.30011e-45
28.75 2.91874e-45
29 2.57178e-45
29.25 2.26721e-45
29.5 2.0026e-45
29.75 1.75922e-45
30 1.54639e-45
30.25 1.36995e-45
30.5 1.21119e-45
30.75 1.07366e-45
31 9.65941e-46
31.25 8.87163e-46
31.5 8.18643e-46
31.75 7.56028e-46
32 7.05355e-46
32.25 6.66877e-46
32.5 6.54215e-46
32.75 6.73501e-46
33 7.38803e-46
33.25 8.72403e-46
33.5 1.09175e-45
33.75 1.48731e-45
34 2.25498e-45
34.25 3.71509e-45
34.5 6.58329e-45
34.75 1.24621e-44
35 2.53678e-44
35.25 5.62951e-44
35.5 1.40456e-43
35.75 3.77833e-43
36 1.16062e-42
36.25 1.09313e-41
36.5 5.8606e-42
36.75 8.40812e-43
37 2.89387e-43
37.25 1.07537e-43
37.5 4.42374e-44
37.75 2.01717e-44
38 9.94692e-45
38.25 5.26423e-45
38.5 2.97169e-45
38.75 1.80001e-45
39 1.20145e-45
39.25 8.90155e-46
39.5 7.17693e-46
39.75 6.28878e-46
40 6.23504e-46
40.25 6.92374e-46
40.5 8.86196e-46
40.75 2.92666e-45
41 2.56008e-44
41.25 1.38915e-45
41.5 7.46739e-46
41.75 6.0564e-46
42 5.37509e-46
42.25 5.06387e-46
42.5 4.88845e-46
42.75 4.79543e-46
43 4.72137e-46
43.25 4.64945e-46
43.5 4.57076e-46
43.75 4.49484e-46
44 4.41842e-46
44.25 4.33478e-46
44.5 4.24448e-46
44.75 4.14891e-46
45 4.05918e-46
45.25 3.96026e-46
45.5 3.86106e-46
45.75 3.75784e-46
46 3.65653e-46
46.25 3.55238e-46
46.5 3.44776e-46
46.75 3.34127e-46
47 3.239e-46
47.25 3.13233e-46
47.5 3.03093e-46
47.75 2.92775e-46
48 2.82613e-46
48.25 2.72599e-46
48.5 2.62627e-46
48.75 2.52979e-46
49 2.4367e-46
49.25 2.34482e-46
49.5 2.25644e-46
49.75 2.17001e-46
50 2.08803e-46
50.25 2.00867e-46
50.5 1.93182e-46
50.75 1.85675e-46
51 1.78468e-46
51.25 1.7152e-46
51.5 1.64911e-46
51.75 1.58547e-46
52 1.52373e-46
52.25 1.46559e-46
52.5 1.41057e-46
52.75 1.35898e-46
53 1.31066e-46
53.25 1.26566e-46
53.5 1.22257e-46
53.75 1.18228e-46
54 1.14596e-46
54.25 1.11255e-46
54.5 1.08382e-46
54.75 1.05957e-46
55 1.04063e-46
55.25 1.02981e-46
55.5 1.02789e-46
55.75 1.03833e-46
56 1.0674e-46
56.25 1.11992e-46
56.5 1.20251e-46
56.75 1.32912e-46
57 1.52543e-46
57.25 1.83109e-46
57.5 2.31158e-46
57.75 3.07766e-46
58 4.34112e-46
58.25 6.49505e-46
58.5 1.03811e-45
58.75 1.78083e-45
59 2.88249e-45
59.25 5.10231e-45
59.5 1.14783e-44
59.75 4.75186e-44
60 5.26566e-43
60.25 3.61883e-44
60.5 1.0073e-44
60.75 4.61748e-45
61 2.63437e-45
61.25 1.60492e-45
61.5 9.36944e-46
61.75 5.88373e-46
62 3.94692e-46
62.25 2.82289e-46
62.5 2.14554e-46
62.75 1.72124e-46
63 1.44544e-46
63.25 1.26721e-46
63.5 1.14971e-46
63.75 1.07639e-46
64 1.03253e-46
64.25 1.00911e-46
64.5 9.98898e-47
64.75 9.98685e-47
65 1.00656e-46
65.25 1.0189e-46
65.5 1.0358e-46
65.75 1.05664e-46
66 1.07954e-46
66.25 1.10445e-46
66.5 1.13218e-46
66.75 1.16221e-46
67 1.1929e-46
67.25 1.22576e-46
67.5 1.261e-46
67.75 1.29832e-46
68 1.33721e-46
68.25 1.37593e-46
68.5 1.41573e-46
68.75 1.45703e-46
69 1.50075e-46
69.25 1.54523e-46
69.5 1.58994e-46
69.75 1.63667e-46
70 1.68477e-46
70.25 1.73377e-46
70.5 1.78288e-46
70.75 1.83091e-46
71 1.87947e-46
71.25 1.9274e-46
71.5 1.97663e-46
71.75 2.02627e-46
72 2.07601e-46
72.25 2.12369e-46
72.5 2.17019e-46
72.75 2.21538e-46
73 2.25838e-46
73.25 2.30064e-46
73.5 2.34051e-46
73.75 2.37926e-46
74 2.41536e-46
74.25 2.44895e-46
74.5 2.47868e-46
74.75 2.50727e-46
75 2.53053e-46
75.25 2.55352e-46
75.5 2.57213e-46
75.75 2.58642e-46
76 2.59856e-46
76.25 2.60686e-46
76.5 2.60979e-46
76.75 2.60822e-46
77 2.60184e-46
77.25 2.58965e-46
77.5 2.57351e-46
77.75 2.55274e-46
78 2.52804e-46
78.25 2.49865e-46
78.5 2.46234e-46
78.75 2.41989e-46
79 2.37355e-46
79.25 2.32339e-46
79.5 2.2682e-46
79.75 2.20654e-46
80 2.14189e-46
80.25 2.07495e-46
80.5 2.00861e-46
80.75 1.94077e-46
81 1.87297e-46
81.25 1.80555e-46
81.5 1.73781e-46
81.75 1.67154e-46
82 1.60815e-46
82.25 1.5463e-46
82.5 1.4874e-46
82.75 1.43078e-46
83 1.3775e-46
83.25 1.32885e-46
83.5 1.28353e-46
83.75 1.24057e-46
84 1.20151e-46
84.25 1.16402e-46
84.5 1.12778e-46
84.75 1.09623e-46
85 1.06679e-46
85.25 1.03952e-46
85.5 1.0141e-46
85.75 9.90552e-47
86 9.68524e-47
86.25 9.48138e-47
86.5 9.29291e-47
86.75 9.11979e-47
87 8.95617e-47
87.25 8.805e-47
87.5 8.66435e-47
87.75 8.53451e-47
88 8.41682e-47
88.25 8.30556e-47
88.5 8.20216e-47
88.75 8.11034e-47
89 8.02017e-47
89.25 7.94e-47
89.5 7.86521e-47
89.75 7.79577e-47
90 7.73421e-47
90.25 7.67885e-47
90.5 7.62738e-47
90.75 7.58209e-47
91 7.53993e-47
91.25 7.50072e-47
91.5 7.4666e-47
91.75 7.43812e-47
92 7.41433e-47
92.25 7.39243e-47
92.5 7.37162e-47
92.75 7.35498e-47
93 7.33967e-47
93.25 7.32812e-47
93.5 7.31904e-47
93.75 7.31289e-47
94 7.30661e-47
94.25 7.3029e-47
94.5 7.30099e-47
94.75 7.29842e-47
95 7.29722e-47
95.25 7.29716e-47
95.5 7.29904e-47
95.75 7.30261e-47
96 7.30349e-47
96.25 7.3058e-47
96.5 7.30785e-47
96.75 7.31071e-47
97 7.31178e-47
97.25 7.31322e-47
97.5 7.31331e-47
97.75 7.31433e-47
98 7.31529e-47
98.25 7.31837e-47
98.5 7.31949e-47
98.75 7.32222e-47
99 7.3238e-47
99.25 7.32669e-47
99.5 7.32955e-47
99.75 7.33102e-47
100 7.33238e-47
100.25 7.3326e-47
100.5 7.3335e-47
100.75 7.33471e-47
101 7.33616e-47
101.25 7.33708e-47
101.5 7.33767e-47
101.75 7.33825e-47
102 7.33883e-47
102.25 7.34016e-47
102.5 7.34086e-47
102.75 7.34114e-47
103 7.34034e-47
103.25 7.34034e-47
103.5 7.33925e-47
103.75 7.33921e-47
104 7.3404e-47
104.25 7.3398e-47
104.5 7.33992e-47
104.75 7.34008e-47
105 7.34008e-47
105.25 7.33995e-47
105.5 7.33965e-47
105.75 7.3392e-47
106 7.33913e-47
106.25 7.33861e-47
106.5 7.33756e-47
106.75 7.33698e-47
107 7.33484e-47
107.25 7.33384e-47
107.5 7.33305e-47
107.75 7.33236e-47
108 7.33251e-47
108.25 7.33195e-47
108.5 7.33167e-47
108.75 7.33106e-47
109 7.32973e-47
109.25 7.32879e-47
109.5 7.32733e-47
109.75 7.32597e-47
110 7.3234e-47
110.25 7.32187e-47
110.5 7.31998e-47
110.75 7.31849e-47
111 7.31664e-47
111.25 7.31444e-47
111.5 7.31287e-47
111.75 7.31178e-47
112 7.31042e-47
112.25 7.30801e-47
112.5 7.30563e-47
112.75 7.30401e-47
113 7.30249e-47
113.25 7.30035e-47
113.5 7.29868e-47
113.75 7.29549e-47
114 7.29231e-47
114.25 7.28954e-47
114.5 7.28659e-47
114.75 7.28495e-47
115 7.28248e-47
115.25 7.28152e-47
115.5 7.27909e-47
115.75 7.27712e-47
116 7.27534e-47
116.25 7.27396e-47
116.5 7.27399e-47
116.75 7.27397e-47
117 7.27574e-47
117.25 7.27896e-47
117.5 7.28411e-47
117.75 7.29121e-47
118 7.30312e-47
118.25 7.32073e-47
118.5 7.3462e-47
118.75 7.38076e-47
119 7.43504e-47
119.25 7.53868e-47
119.5 7.76423e-47
119.75 9.95835e-47
120 3.91268e-45
120.25 8.8722e-47
120.5 7.70127e-47
120.75 7.50353e-47
121 7.40527e-47
121.25 7.33783e-47
121.5 7.29517e-47
121.75 7.26093e-47
122 7.23646e-47
122.25 7.21565e-47
122.5 7.19986e-47
122.75 7.18575e-47
123 7.1738e-47
123.25 7.16421e-47
123.5 7.15578e-47
123.75 7.14781e-47
124 7.14002e-47
124.25 7.13245e-47
124.5 7.12547e-47
124.75 7.11922e-47
125 7.11307e-47
125.25 7.10661e-47
125.5 7.1006e-47
125.75 7.09395e-47
126 7.08832e-47
126.25 7.08237e-47
126.5 7.07691e-47
126.75 7.07028e-47
127 7.06494e-47
127.25 7.05943e-47
127.5 7.05287e-47
127.75 7.04656e-47
128 7.03993e-47
128.25 7.03346e-47
128.5 7.02737e-47
128.75 7.02099e-47
129 7.01411e-47
129.25 7.00867e-47
129.5 7.00308e-47
129.75 6.99546e-47
130 6.98883e-47
130.25 6.98184e-47
130.5 6.97548e-47
130.75 6.96839e-47
131 6.96192e-47
131.25 6.95487e-47
131.5 6.94688e-47
131.75 6.93997e-47
132 6.93295e-47
132.25 6.9252e-47
132.5 6.91816e-47
132.75 6.912e-47
133 6.90438e-47
133.25 6.89739e-47
133.5 6.89037e-47
133.75 6.88337e-47
134 6.87608e-47
134.25 6.86862e-47
134.5 6.86112e-47
134.75 6.85367e-47
135 6.84615e-47
135.25 6.83825e-47
135.5 6.83057e-47
135.75 6.82304e-47
136 6.81463e-47
136.25 6.80658e-47
136.5 6.79839e-47
136.75 6.79055e-47
137 6.78265e-47
137.25 6.77541e-47
137.5 6.76787e-47
137.75 6.75975e-47
138 6.75206e-47
138.25 6.7438e-47
138.5 6.73618e-47
138.75 6.72745e-47
139 6.71986e-47
139.25 6.71145e-47
139.5 6.70348e-47
139.75 6.69513e-47
140 6.68794e-47
140.25 6.68062e-47
140.5 6.67185e-47
140.75 6.66433e-47
141 6.65739e-47
141.25 6.64941e-47
141.5 6.64182e-47
141.75 6.63419e-47
142 6.6257e-47
142.25 6.6169e-47
142.5 6.60842e-47
142.75 6.60045e-47
143 6.59283e-47
143.25 6.58473e-47
143.5 6.5766e-47
143.75 6.56834e-47
144 6.56052e-47
144.25 6.55265e-47
144.5 6.54426e-47
144.75 6.53599e-47
145 6.52816e-47
145.25 6.52117e-47
145.5 6.51375e-47
145.75 6.50643e-47
146 6.49863e-47
146.25 6.49089e-47
146.5 6.48297e-47
146.75 6.47554e-47
147 6.46827e-47
147.25 6.46091e-47
147.5 6.45333e-47
147.75 6.44661e-47
148 6.43928e-47
148.25 6.43154e-47
148.5 6.42357e-47
148.75 6.4162e-47
149 6.40871e-47
149.25 6.40137e-47
149.5 6.39405e-47
149.75 6.38663e-47
150 6.37935e-47
150.25 6.37231e-47
150.5 6.36502e-47
150.75 6.35807e-47
151 6.35006e-47
151.25 6.34267e-47
151.5 6.33475e-47
151.75 6.32779e-47
152 6.32103e-47
152.25 6.31294e-47
152.5 6.3052e-47
152.75 6.29817e-47
153 6.29149e-47
153.25 6.28467e-47
153.5 6.27776e-47
153.75 6.27071e-47
154 6.26365e-47
154.25 6.2564e-47
154.5 6.24988e-47
154.75 6.24263e-47
155 6.23518e-47
155.25 6.22805e-47
155.5 6.22115e-47
155.75 6.21398e-47
156 6.20698e-47
156.25 6.20051e-47
156.5 6.19304e-47
156.75 6.18602e-47
157 6.1785e-47
157.25 6.17139e-47
157.5 6.1644e-47
157.75 6.15785e-47
158 6.15081e-47
158.25 6.14414e-47
158.5 6.13762e-47
158.75 6.131e-47
159 6.12462e-47
159.25 6.11754e-47
159.5 6.11083e-47
159.75 6.10439e-47
160 6.09759e-47
160.25 6.09126e-47
160.5 6.08447e-47
160.75 6.0786e-47
161 6.07226e-47
161.25 6.06518e-47
161.5 6.05883e-47
161.75 6.05198e-47
162 6.04565e-47
162.25 6.03913e-47
162.5 6.03342e-47
162.75 6.02716e-47
163 6.02077e-47
163.25 6.01453e-47
163.5 6.00782e-47
163.75 6.0018e-47
164 5.99537e-47
164.25 5.9892e-47
164.5 5.98313e-47
164.75 5.97717e-47
165 5.97113e-47
165.25 5.96543e-47
165.5 5.95967e-47
165.75 5.95367e-47
166 5.94764e-47
166.25 5.94165e-47
166.5 5.93548e-47
166.75 5.93011e-47
167 5.92505e-47
167.25 5.91869e-47
167.5 5.91317e-47
167.75 5.90779e-47
168 5.9024e-47
168.25 5.89652e-47
168.5 5.89116e-47
168.75 5.88614e-47
169 5.88062e-47
169.25 5.87484e-47
169.5 5.8693e-47
169.75 5.86378e-47
170 5.85832e-47
170.25 5.8532e-47
170.5 5.84823e-47
170.75 5.84307e-47
171 5.83834e-47
171.25 5.83312e-47
171.5 5.82763e-47
171.75 5.82263e-47
172 5.81782e-47
172.25 5.81324e-47
172.5 5.80812e-47
172.75 5.80307e-47
173 5.79824e-47
173.25 5.79368e-47
173.5 5.78928e-47
173.75 5.78441e-47
174 5.77948e-47
174.25 5.77514e-47
174.5 5.7709e-47
174.75 5.76643e-47
175 5.76247e-47
175.25 5.75923e-47
175.5 5.75534e-47
175.75 5.75155e-47
176 5.74787e-47
176.25 5.74452e-47
176.5 5.7421e-47
176.75 5.73958e-47
177 5.73807e-47
177.25 5.73758e-47
177.5 5.73846e-47
177.75 5.73881e-47
178 5.7415e-47
178.25 5.74527e-47
178.5 5.74925e-47
178.75 5.75755e-47
179 5.76451e-47
179.25 5.77895e-47
179.5 5.8068e-47
179.75 5.97581e-47
180 4.73754e-45
180.25 5.90187e-47
180.5 5.78703e-47
180.75 5.75223e-47
181 5.73244e-47
181.25 5.71605e-47
181.5 5.70053e-47
181.75 5.68799e-47
182 5.67716e-47
182.25 5.66795e-47
182.5 5.66029e-47
182.75 5.65349e-47
183 5.64792e-47
183.25 5.64224e-47
183.5 5.63727e-47
183.75 5.63152e-47
184 5.6271e-47
184.25 5.62287e-47
184.5 5.61835e-47
184.75 5.61442e-47
185 5.61098e-47
185.25 5.60776e-47
185.5 5.60456e-47
185.75 5.60156e-47
186 5.59842e-47
186.25 5.59483e-47
186.5 5.5927e-47
186.75 5.58939e-47
187 5.58655e-47
187.25 5.58482e-47
187.5 5.58234e-47
187.75 5.58011e-47
188 5.57822e-47
188.25 5.57597e-47
188.5 5.57401e-47
188.75 5.57199e-47
189 5.56881e-47
189.25 5.56723e-47
189.5 5.56475e-47
189.75 5.56321e-47
190 5.56123e-47
190.25 5.55969e-47
190.5 5.55769e-47
190.75 5.55565e-47
191 5.55397e-47
191.25 5.55215e-47
191.5 5.55092e-47
191.75 5.54974e-47
192 5.54746e-47
192.25 5.54561e-47
192.5 5.54406e-47
192.75 5.54228e-47
193 5.54066e-47
193.25 5.53954e-47
193.5 5.53805e-47
193.75 5.5369e-47
194 5.53545e-47
194.25 5.53455e-47
194.5 5.53282e-47
194.75 5.53189e-47
195 5.53085e-47
195.25 5.52998e-47
195.5 5.52872e-47
195.75 5.5283e-47
196 5.52792e-47
196.25 5.52782e-47
196.5 5.52757e-47
196.75 5.52636e-47
197 5.5262e-47
197.25 5.52559e-47
197.5 5.52592e-47
197.75 5.52637e-47
198 5.52593e-47
198.25 5.52623e-47
198.5 5.52666e-47
198.75 5.52692e-47
199 5.52706e-47
199.25 5.52697e-47
199.5 5.52741e-47
199.75 5.52749e-47
200 5.52783e-47
200.25 5.5283e-47
200.5 5.52883e-47
200.75 5.52996e-47
201 5.53106e-47
201.25 5.53134e-47
201.5 5.53176e-47
201.75 5.53274e-47
202 5.53345e-47
202.25 5.53439e-47
202.5 5.535e-47
202.75 5.5354e-47
203 5.53618e-47
203.25 5.53688e-47
203.5 5.53736e-47
203.75 5.53825e-47
204 5.53947e-47
204.25 5.54094e-47
204.5 5.54239e-47
204.75 5.5441e-47
205 5.54557e-47
205.25 5.5465e-47
205.5 5.54789e-47
205.75 5.54918e-47
206 5.55079e-47
206.25 5.55278e-47
206.5 5.55463e-47
206.75 5.55722e-47
207 5.55905e-47
207.25 5.56102e-47
207.5 5.56367e-47
207.75 5.56631e-47
208 5.56888e-47
208.25 5.57085e-47
208.5 5.57272e-47
208.75 5.57492e-47
209 5.57705e-47
209.25 5.58063e-47
209.5 5.58314e-47
209.75 5.58559e-47
210 5.58869e-47
210.25 5.59156e-47
210.5 5.59495e-47
210.75 5.59809e-47
211 5.60218e-47
211.25 5.60486e-47
211.5 5.60841e-47
211.75 5.61208e-47
212 5.6162e-47
212.25 5.61983e-47
212.5 5.62425e-47
212.75 5.62807e-47
213 5.63213e-47
213.25 5.63624e-47
213.5 5.64026e-47
213.75 5.64379e-47
214 5.64738e-47
214.25 5.65105e-47
214.5 5.65553e-47
214.75 5.66018e-47
215 5.66506e-47
215.25 5.66962e-47
215.5 5.67482e-47
215.75 5.67875e-47
216 5.68413e-47
216.25 5.68924e-47
216.5 5.69341e-47
216.75 5.69826e-47
217 5.70366e-47
217.25 5.70935e-47
217.5 5.71463e-47
217.75 5.71965e-47
218 5.72524e-47
218.25 5.73014e-47
218.5 5.73463e-47
218.75 5.73987e-47
219 5.74543e-47
219.25 5.75062e-47
219.5 5.75662e-47
219.75 5.76173e-47
220 5.76708e-47
220.25 5.77209e-47
220.5 5.77734e-47
220.75 5.78309e-47
221 5.78864e-47
221.25 5.79432e-47
221.5 5.80005e-47
221.75 5.80661e-47
222 5.81266e-47
222.25 5.81881e-47
222.5 5.82468e-47
222.75 5.8306e-47
223 5.83685e-47
223.25 5.84342e-47
223.5 5.8492e-47
223.75 5.85575e-47
224 5.86281e-47
224.25 5.86887e-47
224.5 5.87635e-47
224.75 5.88307e-47
225 5.8898e-47
225.25 5.89628e-47
225.5 5.90202e-47
225.75 5.90908e-47
226 5.91691e-47
226.25 5.92368e-47
226.5 5.93003e-47
226.75 5.93693e-47
227 5.94412e-47
227.25 5.95048e-47
227.5 5.95735e-47
227.75 5.96492e-47
228 5.97328e-47
228.25 5.98113e-47
228.5 5.98917e-47
228.75 5.99637e-47
229 6.00376e-47
229.25 6.01109e-47
229.5 6.01826e-47
229.75 6.02614e-47
230 6.03349e-47
230.25 6.04171e-47
230.5 6.04871e-47
230.75 6.05691e-47
231 6.06486e-47
231.25 6.07279e-47
231.5 6.08177e-47
231.75 6.09033e-47
232 6.10019e-47
232.25 6.10918e-47
232.5 6.11902e-47
232.75 6.12803e-47
233 6.13737e-47
233.25 6.14663e-47
233.5 6.15668e-47
233.75 6.16649e-47
234 6.17683e-47
234.25 6.18644e-47
234.5 6.19641e-47
234.75 6.20661e-47
235 6.2163e-47
235.25 6.22692e-47
235.5 6.23611e-47
235.75 6.24683e-47
236 6.25602e-47
236.25 6.26625e-47
236.5 6.27621e-47
236.75 6.28711e-47
237 6.2963e-47
237.25 6.30624e-47
237.5 6.3157e-47
237.75 6.3259e-47
238 6.33628e-47
238.25 6.34719e-47
238.5 6.35754e-47
238.75 6.36835e-47
239 6.37806e-47
239.25 6.38893e-47
239.5 6.4005e-47
239.75 6.41153e-47
240 6.42258e-47
240.25 6.43303e-47
240.5 6.44336e-47
240.75 6.45445e-47
241 6.46518e-47
241.25 6.47528e-47
241.5 6.48566e-47
241.75 6.49764e-47
242 6.50779e-47
242.25 6.5185e-47
242.5 6.52838e-47
242.75 6.53837e-47
243 6.54919e-47
243.25 6.56063e-47
243.5 6.57022e-47
243.75 6.58012e-47
244 6.58901e-47
244.25 6.59966e-47
244.5 6.60969e-47
244.75 6.61866e-47
245 6.62963e-47
245.25 6.64021e-47
245.5 6.6504e-47
245.75 6.6618e-47
246 6.67164e-47
246.25 6.68134e-47
246.5 6.69181e-47
246.75 6.7019e-47
247 6.71198e-47
247.25 6.72211e-47
247.5 6.73255e-47
247.75 6.74197e-47
248 6.75135e-47
248.25 6.76104e-47
248.5 6.76876e-47
248.75 6.77808e-47
249 6.78717e-47
249.25 6.79585e-47
249.5 6.8047e-47
249.75 6.81306e-47
250 6.82284e-47
250.25 6.83199e-47
250.5 6.83986e-47
250.75 6.84988e-47
251 6.86026e-47
251.25 6.86946e-47
251.5 6.87955e-47
251.75 6.88879e-47
252 6.89885e-47
252.25 6.90781e-47
252.5 6.91758e-47
252.75 6.92893e-47
253 6.93914e-47
253.25 6.94838e-47
253.5 6.95753e-47
253.75 6.96696e-47
254 6.9759e-47
254.25 6.98523e-47
254.5 6.99306e-47
254.75 7.00151e-47
255 7.00899e-47
255.25 7.01652e-47
255.5 7.02413e-47
255.75 7.03129e-47
256 7.03812e-47
256.25 7.04471e-47
256.5 7.05103e-47
256.75 7.05668e-47
257 7.06445e-47
257.25 7.07086e-47
257.5 7.07685e-47
257.75 7.08332e-47
258 7.08874e-47
258.25 7.09511e-47
258.5 7.10085e-47
258.75 7.10688e-47
259 7.11066e-47
259.25 7.11646e-47
259.5 7.12264e-47
259.75 7.12858e-47
260 7.134e-47
260.25 7.14016e-47
260.5 7.1457e-47
260.75 7.15207e-47
261 7.15697e-47
261.25 7.1647e-47
261.5 7.16787e-47
261.75 7.17336e-47
262 7.18089e-47
262.25 7.18804e-47
262.5 7.19403e-47
262.75 7.19913e-47
263 7.20225e-47
263.25 7.20739e-47
263.5 7.21406e-47
263.75 7.21907e-47
264 7.22348e-47
264.25 7.22986e-47
264.5 7.23328e-47
264.75 7.23536e-47
265 7.23858e-47
265.25 7.24151e-47
265.5 7.24398e-47
265.75 7.24723e-47
266 7.24975e-47
266.25 7.25199e-47
266.5 7.25253e-47
266.75 7.25296e-47
267 7.25176e-47
267.25 7.2509e-47
267.5 7.25043e-47
267.75 7.24836e-47
268 7.24665e-47
268.25 7.24411e-47
268.5 7.24227e-47
268.75 7.23757e-47
269 7.23345e-47
269.25 7.22945e-47
269.5 7.22435e-47
269.75 7.21967e-47
270 7.21485e-47
270.25 7.20653e-47
270.5 7.20054e-47
270.75 7.19254e-47
271 7.18539e-47
271.25 7.17739e-47
271.5 7.16968e-47
271.75 7.16132e-47
272 7.15134e-47
272.25 7.14256e-47
272.5 7.13223e-47
272.75 7.12171e-47
273 7.11202e-47
273.25 7.10229e-47
273.5 7.09319e-47
273.75 7.08262e-47
274 7.07151e-47
274.25 7.06125e-47
274.5 7.04952e-47
274.75 7.03805e-47
275 7.02539e-47
275.25 7.01421e-47
275.5 7.0018e-47
275.75 6.98911e-47
276 6.97641e-47
276.25 6.96403e-47
276.5 6.95244e-47
276.75 6.94156e-47
277 6.92797e-47
277.25 6.91458e-47
277.5 6.90362e-47
277.75 6.88975e-47
278 6.8744e-47
278.25 6.85905e-47
278.5 6.84449e-47
278.75 6.83083e-47
279 6.81345e-47
279.25 6.79798e-47
279.5 6.78061e-47
279.75 6.76381e-47
280 6.74231e-47
280.25 6.72239e-47
280.5 6.69969e-47
280.75 6.67748e-47
281 6.65502e-47
281.25 6.63416e-47
281.5 6.61032e-47
281.75 6.58546e-47
282 6.5626e-47
282.25 6.53884e-47
282.5 6.51654e-47
282.75 6.49243e-47
283 6.46622e-47
283.25 6.44324e-47
283.5 6.4193e-47
283.75 6.39382e-47
284 6.36843e-47
284.25 6.34252e-47
284.5 6.31678e-47
284.75 6.28878e-47
285 6.25977e-47
285.25 6.23205e-47
285.5 6.20548e-47
285.75 6.18223e-47
286 6.16331e-47
286.25 6.14556e-47
286.5 6.13273e-47
286.75 6.11997e-47
287 6.11344e-47
287.25 6.11176e-47
287.5 6.10909e-47
287.75 6.11495e-47
288 6.13219e-47
288.25 6.15204e-47
288.5 6.18029e-47
288.75 6.21807e-47
289 6.26251e-47
289.25 6.31398e-47
289.5 6.37721e-47
289.75 6.44888e-47
290 6.53456e-47
290.25 6.63304e-47
290.5 6.74106e-47
290.75 6.86744e-47
291 7.01212e-47
291.25 7.17422e-47
291.5 7.35308e-47
291.75 7.55497e-47
292 7.77064e-47
292.25 8.01362e-47
292.5 8.26789e-47
292.75 8.55728e-47
293 8.87961e-47
293.25 9.21332e-47
293.5 9.58737e-47
293.75 9.99352e-47
294 1.04214e-46
294.25 1.08534e-46
294.5 1.13061e-46
294.75 1.17849e-46
295 1.22852e-46
295.25 1.27829e-46
295.5 1.32868e-46
295.75 1.38009e-46
296 1.4317e-46
296.25 1.48031e-46
296.5 1.53146e-46
296.75 1.58259e-46
297 1.63498e-46
297.25 1.68829e-46
297.5 1.74153e-46
297.75 1.79628e-46
298 1.85354e-46
298.25 1.90742e-46
298.5 1.96312e-46
298.75 2.02081e-46
299 2.0814e-46
299.25 2.14503e-46
299.5 2.20701e-46
299.75 2.26331e-46
300 2.31424e-46
300.25 2.36474e-46
300.5 2.4119e-46
300.75 2.46066e-46
301 2.50786e-46
301.25 2.55699e-46
301.5 2.60789e-46
301.75 2.65949e-46
302 2.71154e-46
302.25 2.76048e-46
302.5 2.80683e-46
302.75 2.85193e-46
303 2.8996e-46
303.25 2.94447e-46
303.5 2.9862e-46
303.75 3.02385e-46
304 3.06182e-46
304.25 3.10024e-46
304.5 3.13673e-46
304.75 3.17143e-46
305 3.20455e-46
305.25 3.23707e-46
305.5 3.26799e-46
305.75 3.29883e-46
306 3.32849e-46
306.25 3.35629e-46
306.5 3.38346e-46
306.75 3.40806e-46
307 3.43087e-46
307.25 3.45152e-46
307.5 3.47059e-46
307.75 3.488e-46
308 3.50331e-46
308.25 3.51791e-46
308.5 3.53261e-46
308.75 3.54571e-46
309 3.55721e-46
309.25 3.56685e-46
309.5 3.57556e-46
309.75 3.58332e-46
310 3.58927e-46
310.25 3.59466e-46
310.5 3.59885e-46
310.75 3.60014e-46
311 3.60097e-46
311.25 3.59927e-46
311.5 3.59522e-46
311.75 3.59041e-46
312 3.58499e-46
312.25 3.57766e-46
312.5 3.56837e-46
312.75 3.56084e-46
313 3.55223e-46
313.25 3.54131e-46
313.5 3.53129e-46
313.75 3.51839e-46
314 3.50565e-46
314.25 3.49179e-46
314.5 3.47689e-46
314.75 3.45911e-46
315 3.44288e-46
315.25 3.42689e-46
315.5 3.41006e-46
315.75 3.39197e-46
316 3.37561e-46
316.25 3.35664e-46
316.5 3.33778e-46
316.75 3.3158e-46
317 3.29522e-46
317.25 3.27418e-46
317.5 3.25404e-46
317.75 3.23288e-46
318 3.2118e-46
318.25 3.19061e-46
318.5 3.16807e-46
318.75 3.14505e-46
319 3.12146e-46
319.25 3.10027e-46
319.5 3.07873e-46
319.75 3.05447e-46
320 3.03208e-46
320.25 3.0092e-46
320.5 2.98598e-46
320.75 2.96414e-46
321 2.94208e-46
321.25 2.92074e-46
321.5 2.89975e-46
321.75 2.87855e-46
322 2.85662e-46
322.25 2.8355e-46
322.5 2.81595e-46
322.75 2.79525e-46
323 2.77453e-46
323.25 2.75385e-46
323.5 2.73355e-46
323.75 2.7127e-46
324 2.69211e-46
324.25 2.67187e-46
324.5 2.65228e-46
324.75 2.63273e-46
325 2.61258e-46
325.25 2.59301e-46
325.5 2.57439e-46
325.75 2.55573e-46
326 2.53704e-46
326.25 2.51857e-46
326.5 2.50024e-46
326.75 2.4816e-46
327 2.4638e-46
327.25 2.44637e-46
327.5 2.42867e-46
327.75 2.41137e-46
328 2.39428e-46
328.25 2.37725e-46
328.5 2.36069e-46
328.75 2.3449e-46
329 2.33079e-46
329.25 2.31842e-46
329.5 2.31097e-46
329.75 2.31482e-46
330 2.3407e-46
330.25 2.41312e-46
330.5 2.62091e-46
330.75 3.3517e-46
331 6.68465e-46
331.25 2.42463e-45
331.5 1.47291e-44
331.75 2.15192e-43
332 1.69538e-43
332.25 1.22985e-44
332.5 2.10044e-45
332.75 6.016e-46
333 3.09802e-46
333.25 2.41205e-46
333.5 2.20211e-46
333.75 2.11238e-46
334 2.06329e-46
334.25 2.03484e-46
334.5 2.01443e-46
334.75 1.99807e-46
335 1.98274e-46
335.25 1.96852e-46
335.5 1.95469e-46
335.75 1.9412e-46
336 1.92825e-46
336.25 1.9157e-46
336.5 1.90297e-46
336.75 1.89093e-46
337 1.87917e-46
337.25 1.86733e-46
337.5 1.85565e-46
337.75 1.8439e-46
338 1.83282e-46
338.25 1.8211e-46
338.5 1.81048e-46
338.75 1.7996e-46
339 1.78874e-46
339.25 1.77826e-46
339.5 1.76788e-46
339.75 1.75738e-46
340 1.74682e-46
340.25 1.73622e-46
340.5 1.72619e-46
340.75 1.71611e-46
341 1.70627e-46
341.25 1.69634e-46
341.5 1.68674e-46
341.75 1.67697e-46
342 1.66756e-46
342.25 1.65796e-46
342.5 1.64865e-46
342.75 1.63967e-46
343 1.63066e-46
343.25 1.62173e-46
343.5 1.61303e-46
343.75 1.60416e-46
344 1.59595e-46
344.25 1.58769e-46
344.5 1.57931e-46
344.75 1.57159e-46
345 1.56331e-46
345.25 1.5552e-46
345.5 1.5475e-46
345.75 1.53975e-46
346 1.53217e-46
346.25 1.52412e-46
346.5 1.51654e-46
346.75 1.50898e-46
347 1.5015e-46
347.25 1.4943e-46
347.5 1.4869e-46
347.75 1.47967e-46
348 1.47282e-46
348.25 1.46587e-46
348.5 1.45894e-46
348.75 1.45203e-46
349 1.4453e-46
349.25 1.43868e-46
349.5 1.43198e-46
349.75 1.42537e-46
350 1.41892e-46
350.25 1.41242e-46
350.5 1.40629e-46
350.75 1.40004e-46
351 1.3938e-46
351.25 1.3877e-46
351.5 1.38168e-46
351.75 1.37587e-46
352 1.36993e-46
352.25 1.36406e-46
352.5 1.35831e-46
352.75 1.35253e-46
353 1.34711e-46
353.25 1.34154e-46
353.5 1.3362e-46
353.75 1.33074e-46
354 1.32545e-46
354.25 1.32005e-46
354.5 1.31478e-46
354.75 1.30961e-46
355 1.30439e-46
355.25 1.29922e-46
355.5 1.29436e-46
355.75 1.28932e-46
356 1.28423e-46
356.25 1.27923e-46
356.5 1.27437e-46
356.75 1.26951e-46
357 1.26477e-46
357.25 1.26023e-46
357.5 1.25564e-46
357.75 1.25093e-46
358 1.24631e-46
358.25 1.2417e-46
358.5 1.23725e-46
358.75 1.23295e-46
359 1.22867e-46
359.25 1.22433e-46
359.5 1.22011e-46
359.75 1.2159e-46
360 1.21167e-46
360.25 1.20745e-46
360.5 1.20333e-46
360.75 1.19939e-46
361 1.19542e-46
361.25 1.19159e-46
361.5 1.18785e-46
361.75 1.18408e-46
362 1.18039e-46
362.25 1.17672e-46
362.5 1.17294e-46
362.75 1.16915e-46
363 1.16555e-46
363.25 1.16219e-46
363.5 1.1586e-46
363.75 1.15493e-46
364 1.15147e-46
364.25 1.14805e-46
364.5 1.14465e-46
364.75 1.1414e-46
365 1.13813e-46
365.25 1.13471e-46
365.5 1.13142e-46
365.75 1.12809e-46
366 1.12491e-46
366.25 1.1219e-46
366.5 1.11877e-46
366.75 1.11559e-46
367 1.11266e-46
367.25 1.10953e-46
367.5 1.10652e-46
367.75 1.10364e-46
368 1.10093e-46
368.25 1.09814e-46
368.5 1.09559e-46
368.75 1.09282e-46
369 1.09019e-46
369.25 1.08757e-46
369.5 1.08497e-46
369.75 1.08243e-46
370 1.07988e-46
370.25 1.07734e-46
370.5 1.07493e-46
370.75 1.07253e-46
371 1.07017e-46
371.25 1.06779e-46
371.5 1.06548e-46
371.75 1.06314e-46
372 1.06092e-46
372.25 1.05862e-46
372.5 1.05638e-46
372.75 1.05426e-46
373 1.05211e-46
373.25 1.04991e-46
373.5 1.04772e-46
373.75 1.04566e-46
374 1.04355e-46
374.25 1.0416e-46
374.5 1.03961e-46
374.75 1.03767e-46
375 1.03578e-46
375.25 1.03389e-46
375.5 1.03192e-46
375.75 1.03004e-46
376 1.02825e-46
376.25 1.02647e-46
376.5 1.02469e-46
376.75 1.02294e-46
377 1.02126e-46
377.25 1.01959e-46
377.5 1.01789e-46
377.75 1.01639e-46
378 1.0148e-46
378.25 1.0133e-46
378.5 1.01173e-46
378.75 1.01018e-46
379 1.00874e-46
379.25 1.00731e-46
379.5 1.00594e-46
379.75 1.00451e-46
380 1.00328e-46
380.25 1.00215e-46
380.5 1.0009e-46
380.75 9.99639e-47
381 9.98264e-47
381.25 9.97022e-47
381.5 9.95784e-47
381.75 9.94586e-47
382 9.93428e-47
382.25 9.92232e-47
382.5 9.9104e-47
382.75 9.90044e-47
383 9.88936e-47
383.25 9.87879e-47
383.5 9.86873e-47
383.75 9.8604e-47
384 9.84994e-47
384.25 9.84003e-47
384.5 9.83118e-47
384.75 9.82275e-47
385 9.81455e-47
385.25 9.80612e-47
385.5 9.79819e-47
385.75 9.79012e-47
386 9.78283e-47
386.25 9.77537e-47
386.5 9.76786e-47
386.75 9.76045e-47
387 9.75403e-47
387.25 9.7474e-47
387.5 9.74021e-47
387.75 9.73376e-47
388 9.7281e-47
388.25 9.72067e-47
388.5 9.71479e-47
388.75 9.70936e-47
389 9.70425e-47
389.25 9.69782e-47
389.5 9.6936e-47
389.75 9.68774e-47
390 9.68269e-47
390.25 9.67864e-47
390.5 9.67497e-47
390.75 9.6715e-47
391 9.66822e-47
391.25 9.66388e-47
391.5 9.66055e-47
391.75 9.65745e-47
392 9.6562e-47
392.25 9.65107e-47
392.5 9.64784e-47
392.75 9.64426e-47
393 9.6419e-47
393.25 9.64027e-47
393.5 9.63831e-47
393.75 9.63573e-47
394 9.63325e-47
394.25 9.63093e-47
394.5 9.62913e-47
394.75 9.62783e-47
395 9.62599e-47
395.25 9.62501e-47
395.5 9.62164e-47
395.75 9.62025e-47
396 9.62039e-47
396.25 9.61967e-47
396.5 9.61899e-47
396.75 9.61694e-47
397 9.61636e-47
397.25 9.61605e-47
397.5 9.61469e-47
397.75 9.61452e-47
398 9.61474e-47
398.25 9.61354e-47
398.5 9.61458e-47
398.75 9.61433e-47
399 9.61524e-47
399.25 9.61707e-47
399.5 9.61806e-47
399.75 9.61826e-47
400 9.62005e-47
400.25 9.62087e-47
400.5 9.62142e-47
400.75 9.62254e-47
401 9.62503e-47
401.25 9.6266e-47
401.5 9.62827e-47
401.75 9.6299e-47
402 9.6313e-47
402.25 9.6332e-47
402.5 9.63565e-47
402.75 9.63841e-47
403 9.64135e-47
403.25 9.64455e-47
403.5 9.6473e-47
403.75 9.65054e-47
404 9.65268e-47
404.25 9.65475e-47
404.5 9.65732e-47
404.75 9.66e-47
405 9.66364e-47
405.25 9.66751e-47
405.5 9.67135e-47
405.75 9.67531e-47
406 9.67861e-47
406.25 9.68303e-47
406.5 9.68601e-47
406.75 9.69052e-47
407 9.69515e-47
407.25 9.69932e-47
407.5 9.70356e-47
407.75 9.70836e-47
408 9.71282e-47
408.25 9.71689e-47
408.5 9.72101e-47
408.75 9.72641e-47
409 9.73247e-47
409.25 9.73866e-47
409.5 9.74387e-47
409.75 9.74926e-47
410 9.75661e-47
410.25 9.76268e-47
410.5 9.76918e-47
410.75 9.77525e-47
411 9.78274e-47
411.25 9.78916e-47
411.5 9.79651e-47
411.75 9.80278e-47
412 9.80862e-47
412.25 9.81419e-47
412.5 9.82158e-47
412.75 9.82909e-47
413 9.83638e-47
413.25 9.84407e-47
413.5 9.85025e-47
413.75 9.85617e-47
414 9.86279e-47
414.25 9.87057e-47
414.5 9.87836e-47
414.75 9.88527e-47
415 9.89251e-47
415.25 9.89959e-47
415.5 9.90718e-47
415.75 9.91625e-47
416 9.92413e-47
416.25 9.9296e-47
416.5 9.93664e-47
416.75 9.94351e-47
417 9.9512e-47
417.25 9.9595e-47
417.5 9.96753e-47
417.75 9.97432e-47
418 9.98088e-47
418.25 9.98808e-47
418.5 9.99533e-47
418.75 1.00044e-46
419 1.00117e-46
419.25 1.00201e-46
419.5 1.00302e-46
419.75 1.00383e-46
420 1.00474e-46
420.25 1.00576e-46
420.5 1.00653e-46
420.75 1.00749e-46
421 1.00836e-46
421.25 1.00924e-46
421.5 1.01001e-46
421.75 1.01087e-46
422 1.01177e-46
422.25 1.01263e-46
422.5 1.01363e-46
422.75 1.01462e-46
423 1.01559e-46
423.25 1.01673e-46
423.5 1.01783e-46
423.75 1.0189e-46
424 1.01987e-46
424.25 1.02066e-46
424.5 1.0216e-46
424.75 1.02251e-46
425 1.02342e-46
425.25 1.02423e-46
425.5 1.02532e-46
425.75 1.02618e-46
426 1.02713e-46
426.25 1.02804e-46
426.5 1.029e-46
426.75 1.02994e-46
427 1.03089e-46
427.25 1.03169e-46
427.5 1.03261e-46
427.75 1.0335e-46
428 1.03444e-46
428.25 1.03526e-46
428.5 1.03614e-46
428.75 1.03704e-46
429 1.03794e-46
429.25 1.03885e-46
429.5 1.03976e-46
429.75 1.04054e-46
430 1.04145e-46
430.25 1.04233e-46
430.5 1.04325e-46
430.75 1.04425e-46
431 1.0451e-46
431.25 1.04627e-46
431.5 1.04727e-46
431.75 1.0481e-46
432 1.04904e-46
432.25 1.04993e-46
432.5 1.05088e-46
432.75 1.05182e-46
433 1.05274e-46
433.25 1.05379e-46
433.5 1.0547e-46
433.75 1.05572e-46
434 1.05671e-46
434.25 1.05762e-46
434.5 1.05861e-46
434.75 1.05975e-46
435 1.06064e-46
435.25 1.06153e-46
435.5 1.06253e-46
435.75 1.0634e-46
436 1.06429e-46
436.25 1.06528e-46
436.5 1.06631e-46
436.75 1.06715e-46
437 1.06809e-46
437.25 1.06916e-46
437.5 1.07023e-46
437.75 1.07108e-46
438 1.07208e-46
438.25 1.07305e-46
438.5 1.07387e-46
438.75 1.07476e-46
439 1.07563e-46
439.25 1.07657e-46
439.5 1.07759e-46
439.75 1.07837e-46
440 1.07921e-46
440.25 1.08012e-46
440.5 1.08091e-46
440.75 1.08169e-46
441 1.08242e-46
441.25 1.0832e-46
441.5 1.08401e-46
441.75 1.08485e-46
442 1.08557e-46
442.25 1.08641e-46
442.5 1.08715e-46
442.75 1.0878e-46
443 1.08853e-46
443.25 1.08929e-46
443.5 1.09008e-46
443.75 1.09067e-46
444 1.09143e-46
444.25 1.09198e-46
444.5 1.0928e-46
444.75 1.09356e-46
445 1.09427e-46
445.25 1.09495e-46
445.5 1.09557e-46
445.75 1.09634e-46
446 1.09689e-46
446.25 1.09737e-46
446.5 1.09806e-46
446.75 1.0988e-46
447 1.09922e-46
447.25 1.09986e-46
447.5 1.10055e-46
447.75 1.10122e-46
448 1.10203e-46
448.25 1.10275e-46
448.5 1.10347e-46
448.75 1.1042e-46
449 1.10481e-46
449.25 1.10541e-46
449.5 1.10601e-46
449.75 1.1065e-46
450 1.10712e-46
450.25 1.10762e-46
450.5 1.1082e-46
450.75 1.10884e-46
451 1.10937e-46
451.25 1.1099e-46
451.5 1.11037e-46
451.75 1.11082e-46
452 1.11134e-46
452.25 1.11168e-46
452.5 1.11216e-46
452.75 1.11261e-46
453 1.1131e-46
453.25 1.11359e-46
453.5 1.11395e-46
453.75 1.11425e-46
454 1.11452e-46
454.25 1.11491e-46
454.5 1.11505e-46
454.75 1.11553e-46
455 1.1158e-46
455.25 1.1161e-46
455.5 1.11644e-46
455.75 1.11665e-46
456 1.11714e-46
456.25 1.11738e-46
456.5 1.11763e-46
456.75 1.11787e-46
457 1.11806e-46
457.25 1.11833e-46
457.5 1.11863e-46
457.75 1.11873e-46
458 1.11883e-46
458.25 1.11902e-46
458.5 1.11904e-46
458.75 1.11908e-46
459 1.11928e-46
459.25 1.11938e-46
459.5 1.11937e-46
459.75 1.11934e-46
460 1.11947e-46
460.25 1.11961e-46
460.5 1.11965e-46
460.75 1.11996e-46
461 1.11998e-46
461.25 1.12013e-46
461.5 1.12001e-46
461.75 1.12005e-46
462 1.12012e-46
462.25 1.11993e-46
462.5 1.11955e-46
462.75 1.11938e-46
463 1.11921e-46
463.25 1.11908e-46
463.5 1.11902e-46
463.75 1.11902e-46
464 1.11878e-46
464.25 1.11855e-46
464.5 1.11847e-46
464.75 1.11817e-46
465 1.11802e-46
465.25 1.11783e-46
465.5 1.11734e-46
465.75 1.11719e-46
466 1.11666e-46
466.25 1.11636e-46
466.5 1.11609e-46
466.75 1.11576e-46
467 1.11546e-46
467.25 1.11504e-46
467.5 1.11481e-46
467.75 1.1144e-46
468 1.11396e-46
468.25 1.11362e-46
468.5 1.11318e-46
468.75 1.1129e-46
469 1.11265e-46
469.25 1.11197e-46
469.5 1.11145e-46
469.75 1.11101e-46
470 1.11033e-46
470.25 1.10993e-46
470.5 1.1093e-46
470.75 1.10859e-46
471 1.10774e-46
471.25 1.10702e-46
471.5 1.10613e-46
471.75 1.10533e-46
472 1.10459e-46
472.25 1.10388e-46
472.5 1.10337e-46
472.75 1.10281e-46
473 1.10237e-46
473.25 1.10202e-46
473.5 1.10165e-46
473.75 1.10167e-46
474 1.10138e-46
474.25 1.10106e-46
474.5 1.10065e-46
474.75 1.10033e-46
475 1.10013e-46
475.25 1.09991e-46
475.5 1.09965e-46
475.75 1.09915e-46
476 1.09837e-46
476.25 1.09781e-46
476.5 1.0973e-46
476.75 1.09651e-46
477 1.09601e-46
477.25 1.09539e-46
477.5 1.09463e-46
477.75 1.09399e-46
478 1.09305e-46
478.25 1.09231e-46
478.5 1.09142e-46
478.75 1.09032e-46
479 1.0899e-46
479.25 1.08899e-46
479.5 1.08769e-46
479.75 1.08643e-46
480 1.08512e-46
480.25 1.08355e-46
480.5 1.0823e-46
480.75 1.08115e-46
481 1.08042e-46
481.25 1.07963e-46
481.5 1.07919e-46
481.75 1.07816e-46
482 1.07736e-46
482.25 1.07618e-46
482.5 1.07513e-46
482.75 1.07429e-46
483 1.07351e-46
483.25 1.07325e-46
483.5 1.07272e-46
483.75 1.07212e-46
484 1.07155e-46
484.25 1.07102e-46
484.5 1.07081e-46
484.75 1.0706e-46
485 1.07046e-46
485.25 1.0709e-46
485.5 1.07096e-46
485.75 1.07172e-46
486 1.07219e-46
486.25 1.07296e-46
486.5 1.07432e-46
486.75 1.0745e-46
487 1.07541e-46
487.25 1.07683e-46
487.5 1.07831e-46
487.75 1.0799e-46
488 1.08146e-46
488.25 1.08384e-46
488.5 1.08648e-46
488.75 1.08896e-46
489 1.09122e-46
489.25 1.094e-46
489.5 1.0968e-46
489.75 1.1004e-46
490 1.10361e-46
490.25 1.10722e-46
490.5 1.11116e-46
490.75 1.11494e-46
491 1.11896e-46
491.25 1.12299e-46
491.5 1.12693e-46
491.75 1.13157e-46
492 1.13596e-46
492.25 1.1406e-46
492.5 1.1458e-46
492.75 1.1507e-46
493 1.15584e-46
493.25 1.16142e-46
493.5 1.16712e-46
493.75 1.17266e-46
494 1.17868e-46
494.25 1.18431e-46
494.5 1.19058e-46
494.75 1.19674e-46
495 1.20387e-46
495.25 1.21117e-46
495.5 1.21966e-46
495.75 1.22847e-46
496 1.23845e-46
496.25 1.24979e-46
496.5 1.26252e-46
496.75 1.27869e-46
497 1.29776e-46
497.25 1.32113e-46
497.5 1.35266e-46
497.75 1.39428e-46
498 1.45135e-46
498.25 1.53592e-46
498.5 1.66463e-46
498.75 1.86212e-46
499 2.17659e-46
499.25 2.69302e-46
499.5 3.55143e-46
499.75 5.06036e-46
500 7.7619e-46
500.25 1.28168e-45
500.5 2.27747e-45
500.75 4.33038e-45
501 8.94449e-45
501.25 1.96237e-44
501.5 6.09925e-44
501.75 1.07973e-42
502 2.24314e-43
502.25 3.70249e-44
502.5 1.44802e-44
502.75 6.83477e-45
503 3.44163e-45
503.25 1.88135e-45
503.5 1.13105e-45
503.75 7.56509e-46
504 5.89165e-46
504.25 5.81054e-46
504.5 1.06803e-45
504.75 2.14185e-44
505 1.50159e-45
505.25 4.86777e-46
505.5 3.69504e-46
505.75 3.46786e-46
506 3.51095e-46
506.25 3.72312e-46
506.5 4.16026e-46
506.75 4.92618e-46
507 6.26577e-46
507.25 8.76879e-46
507.5 1.34099e-45
507.75 2.27527e-45
508 4.0077e-45
508.25 5.33388e-45
508.5 3.69902e-45
508.75 1.9112e-45
509 1.10813e-45
509.25 7.42221e-46
509.5 5.46769e-46
509.75 4.33287e-46
510 3.61625e-46
510.25 3.13052e-46
510.5 2.7916e-46
510.75 2.53792e-46
511 2.34567e-46
511.25 2.19334e-46
511.5 2.07131e-46
511.75 1.97131e-46
512 1.889e-46
512.25 1.82218e-46
512.5 1.76658e-46
512.75 1.71909e-46
513 1.67786e-46
513.25 1.6431e-46
513.5 1.61338e-46
513.75 1.58693e-46
514 1.56518e-46
514.25 1.54576e-46
514.5 1.52865e-46
514.75 1.51383e-46
515 1.50136e-46
515.25 1.49164e-46
515.5 1.48404e-46
515.75 1.47713e-46
516 1.47193e-46
516.25 1.46662e-46
516.5 1.46204e-46
516.75 1.45761e-46
517 1.45361e-46
517.25 1.44987e-46
517.5 1.44634e-46
517.75 1.44283e-46
518 1.43993e-46
518.25 1.43678e-46
518.5 1.43352e-46
518.75 1.43e-46
519 1.42681e-46
519.25 1.42372e-46
519.5 1.42082e-46
519.75 1.41823e-46
520 1.41586e-46
520.25 1.41384e-46
520.5 1.41201e-46
520.75 1.41025e-46
521 1.40875e-46
521.25 1.40742e-46
521.5 1.40639e-46
521.75 1.40533e-46
522 1.40448e-46
522.25 1.40358e-46
522.5 1.40288e-46
522.75 1.40228e-46
523 1.40165e-46
523.25 1.40121e-46
523.5 1.40114e-46
523.75 1.40087e-46
524 1.40087e-46
524.25 1.40087e-46
524.5 1.40084e-46
524.75 1.40091e-46
525 1.40121e-46
525.25 1.40148e-46
525.5 1.40183e-46
525.75 1.40208e-46
526 1.40256e-46
526.25 1.40265e-46
526.5 1.40284e-46
526.75 1.40314e-46
527 1.40343e-46
527.25 1.40393e-46
527.5 1.40425e-46
527.75 1.40467e-46
528 1.4053e-46
528.25 1.40583e-46
528.5 1.40634e-46
528.75 1.40687e-46
529 1.40737e-46
529.25 1.40795e-46
529.5 1.4085e-46
529.75 1.40903e-46
530 1.4097e-46
530.25 1.41025e-46
530.5 1.41095e-46
530.75 1.41151e-46
531 1.41218e-46
531.25 1.413e-46
531.5 1.41371e-46
531.75 1.4144e-46
532 1.41495e-46
532.25 1.41551e-46
532.5 1.41638e-46
532.75 1.41709e-46
533 1.41771e-46
533.25 1.41849e-46
533.5 1.41917e-46
533.75 1.41992e-46
534 1.42071e-46
534.25 1.42125e-46
534.5 1.42203e-46
534.75 1.42258e-46
535 1.42342e-46
535.25 1.42398e-46
535.5 1.42469e-46
535.75 1.42539e-46
536 1.42608e-46
536.25 1.42681e-46
536.5 1.42742e-46
536.75 1.42803e-46
537 1.42859e-46
537.25 1.4292e-46
537.5 1.42983e-46
537.75 1.43056e-46
538 1.43124e-46
538.25 1.43184e-46
538.5 1.43263e-46
538.75 1.43333e-46
539 1.43412e-46
539.25 1.43482e-46
539.5 1.43547e-46
539.75 1.43616e-46
540 1.43672e-46
540.25 1.43742e-46
540.5 1.438e-46
540.75 1.4386e-46
541 1.43917e-46
541.25 1.43981e-46
541.5 1.44034e-46
541.75 1.44091e-46
542 1.44154e-46
542.25 1.44211e-46
542.5 1.44266e-46
542.75 1.4433e-46
543 1.444e-46
543.25 1.44451e-46
543.5 1.44518e-46
543.75 1.44591e-46
544 1.44635e-46
544.25 1.44701e-46
544.5 1.44761e-46
544.75 1.44821e-46
545 1.44879e-46
545.25 1.44928e-46
545.5 1.44984e-46
545.75 1.45028e-46
546 1.45085e-46
546.25 1.45144e-46
546.5 1.452e-46
546.75 1.45246e-46
547 1.45295e-46
547.25 1.45351e-46
547.5 1.45411e-46
547.75 1.45475e-46
548 1.45532e-46
548.25 1.45581e-46
548.5 1.45633e-46
548.75 1.45705e-46
549 1.4577e-46
549.25 1.45825e-46
549.5 1.4588e-46
549.75 1.45933e-46
550 1.4599e-46
550.25 1.46056e-46
550.5 1.46109e-46
550.75 1.46168e-46
551 1.46231e-46
551.25 1.46283e-46
551.5 1.46346e-46
551.75 1.46412e-46
552 1.46472e-46
552.25 1.46538e-46
552.5 1.46589e-46
552.75 1.46643e-46
553 1.46703e-46
553.25 1.46766e-46
553.5 1.46823e-46
553.75 1.46886e-46
554 1.46958e-46
554.25 1.47021e-46
554.5 1.47087e-46
554.75 1.47137e-46
555 1.47194e-46
555.25 1.47262e-46
555.5 1.47326e-46
555.75 1.47386e-46
556 1.47441e-46
556.25 1.47503e-46
556.5 1.47567e-46
556.75 1.4763e-46
557 1.47693e-46
557.25 1.47754e-46
557.5 1.47819e-46
557.75 1.47877e-46
558 1.47933e-46
558.25 1.47994e-46
558.5 1.48045e-46
558.75 1.48108e-46
559 1.48166e-46
559.25 1.48227e-46
559.5 1.48299e-46
559.75 1.48358e-46
560 1.48424e-46
560.25 1.48489e-46
560.5 1.48554e-46
560.75 1.48621e-46
561 1.4869e-46
561.25 1.48746e-46
561.5 1.48801e-46
561.75 1.48869e-46
562 1.48926e-46
562.25 1.48988e-46
562.5 1.49058e-46
562.75 1.49118e-46
563 1.49181e-46
563.25 1.49242e-46
563.5 1.49301e-46
563.75 1.4937e-46
564 1.4944e-46
564.25 1.49501e-46
564.5 1.49567e-46
564.75 1.49634e-46
565 1.49691e-46
565.25 1.4975e-46
565.5 1.49812e-46
565.75 1.49865e-46
566 1.49927e-46
566.25 1.49994e-46
566.5 1.50059e-46
566.75 1.5012e-46
567 1.5018e-46
567.25 1.50234e-46
567.5 1.5029e-46
567.75 1.50363e-46
568 1.50438e-46
568.25 1.50511e-46
568.5 1.50574e-46
568.75 1.50632e-46
569 1.50697e-46
569.25 1.50759e-46
569.5 1.50813e-46
569.75 1.50884e-46
570 1.50951e-46
570.25 1.51016e-46
570.5 1.51085e-46
570.75 1.51143e-46
571 1.51212e-46
571.25 1.5127e-46
571.5 1.51335e-46
571.75 1.51388e-46
572 1.5145e-46
572.25 1.5151e-46
572.5 1.51572e-46
572.75 1.5164e-46
573 1.51704e-46
573.25 1.5177e-46
573.5 1.51833e-46
573.75 1.51906e-46
574 1.51976e-46
574.25 1.5204e-46
574.5 1.52108e-46
574.75 1.52175e-46
575 1.52244e-46
575.25 1.52308e-46
575.5 1.52376e-46
575.75 1.52441e-46
576 1.52505e-46
576.25 1.52565e-46
576.5 1.52633e-46
576.75 1.52696e-46
577 1.52755e-46
577.25 1.5282e-46
577.5 1.52889e-46
577.75 1.52969e-46
578 1.53045e-46
578.25 1.53113e-46
578.5 1.53175e-46
578.75 1.53234e-46
579 1.53304e-46
579.25 1.53371e-46
579.5 1.53436e-46
579.75 1.53508e-46
580 1.53582e-46
580.25 1.53651e-46
580.5 1.53727e-46
580.75 1.53791e-46
581 1.53863e-46
581.25 1.53934e-46
581.5 1.54008e-46
581.75 1.54083e-46
582 1.54149e-46
582.25 1.54223e-46
582.5 1.54295e-46
582.75 1.54357e-46
583 1.54428e-46
583.25 1.54498e-46
583.5 1.5456e-46
583.75 1.54623e-46
584 1.54697e-46
584.25 1.54755e-46
584.5 1.54823e-46
584.75 1.54883e-46
585 1.54954e-46
585.25 1.5502e-46
585.5 1.55092e-46
585.75 1.55163e-46
586 1.55235e-46
586.25 1.553e-46
586.5 1.55369e-46
586.75 1.55431e-46
587 1.55492e-46
587.25 1.55572e-46
587.5 1.55643e-46
587.75 1.55711e-46
588 1.55779e-46
588.25 1.55844e-46
588.5 1.55919e-46
588.75 1.55987e-46
589 1.56056e-46
589.25 1.56132e-46
589.5 1.56204e-46
589.75 1.56273e-46
590 1.56345e-46
590.25 1.56421e-46
590.5 1.56489e-46
590.75 1.56561e-46
591 1.56632e-46
591.25 1.56703e-46
591.5 1.56772e-46
591.75 1.56843e-46
592 1.56908e-46
592.25 1.56978e-46
592.5 1.57039e-46
592.75 1.57115e-46
593 1.57191e-46
593.25 1.57261e-46
593.5 1.57333e-46
593.75 1.5741e-46
594 1.57483e-46
594.25 1.57556e-46
594.5 1.57623e-46
594.75 1.57689e-46
595 1.57759e-46
595.25 1.57821e-46
595.5 1.57894e-46
595.75 1.57969e-46
596 1.58037e-46
596.25 1.58112e-46
596.5 1.58176e-46
596.75 1.58249e-46
597 1.58326e-46
597.25 1.58392e-46
597.5 1.58465e-46
597.75 1.58545e-46
598 1.58619e-46
598.25 1.58692e-46
598.5 1.58762e-46
598.75 1.58832e-46
599 1.58911e-46
599.25 1.58983e-46
599.5 1.59054e-46
599.75 1.59123e-46
600 1.59195e-46
600.25 1.59269e-46
600.5 1.59338e-46
600.75 1.59423e-46
601 1.59486e-46
601.25 1.59569e-46
601.5 1.59641e-46
601.75 1.59723e-46
602 1.59793e-46
602.25 1.59865e-46
602.5 1.59947e-46
602.75 1.60023e-46
603 1.60118e-46
603.25 1.60203e-46
603.5 1.60318e-46
603.75 1.6044e-46
604 1.60596e-46
604.25 1.60769e-46
604.5 1.60918e-46
604.75 1.60902e-46
605 1.60874e-46
605.25 1.60872e-46
605.5 1.60898e-46
605.75 1.60955e-46
606 1.61006e-46
606.25 1.61053e-46
606.5 1.61109e-46
606.75 1.61177e-46
607 1.61247e-46
607.25 1.61318e-46
607.5 1.61388e-46
607.75 1.61468e-46
608 1.61537e-46
608.25 1.61595e-46
608.5 1.61671e-46
608.75 1.61747e-46
609 1.61813e-46
609.25 1.6189e-46
609.5 1.61965e-46
609.75 1.62038e-46
610 1.62115e-46
610.25 1.62188e-46
610.5 1.62262e-46
610.75 1.62332e-46
611 1.62413e-46
611.25 1.62488e-46
611.5 1.62562e-46
611.75 1.62641e-46
612 1.62719e-46
612.25 1.62795e-46
612.5 1.62872e-46
612.75 1.62939e-46
613 1.63019e-46
613.25 1.63091e-46
613.5 1.63163e-46
613.75 1.6324e-46
614 1.63312e-46
614.25 1.63385e-46
614.5 1.63462e-46
614.75 1.63536e-46
615 1.63609e-46
615.25 1.63686e-46
615.5 1.63762e-46
615.75 1.63831e-46
616 1.63903e-46
616.25 1.6398e-46
616.5 1.64053e-46
616.75 1.64129e-46
617 1.64204e-46
617.25 1.64269e-46
617.5 1.64339e-46
617.75 1.64406e-46
618 1.64484e-46
618.25 1.64559e-46
618.5 1.64633e-46
618.75 1.64702e-46
619 1.64774e-46
619.25 1.64842e-46
619.5 1.64916e-46
619.75 1.64988e-46
620 1.65063e-46
620.25 1.65128e-46
620.5 1.65204e-46
620.75 1.65277e-46
621 1.65353e-46
621.25 1.65429e-46
621.5 1.65501e-46
621.75 1.65578e-46
622 1.65661e-46
622.25 1.6573e-46
622.5 1.65801e-46
622.75 1.65875e-46
623 1.65953e-46
623.25 1.66027e-46
623.5 1.661e-46
623.75 1.66177e-46
624 1.66259e-46
624.25 1.66329e-46
624.5 1.66398e-46
624.75 1.66472e-46
625 1.66555e-46
625.25 1.66633e-46
625.5 1.66701e-46
625.75 1.66776e-46
626 1.66854e-46
626.25 1.66934e-46
626.5 1.67009e-46
626.75 1.67081e-46
627 1.67157e-46
627.25 1.67242e-46
627.5 1.67323e-46
627.75 1.67394e-46
628 1.67473e-46
628.25 1.67547e-46
628.5 1.67621e-46
628.75 1.67691e-46
629 1.67758e-46
629.25 1.6784e-46
629.5 1.67916e-46
629.75 1.67989e-46
630 1.68066e-46
630.25 1.68151e-46
630.5 1.68224e-46
630.75 1.68312e-46
631 1.68389e-46
631.25 1.68453e-46
631.5 1.68528e-46
631.75 1.68602e-46
632 1.68684e-46
632.25 1.68759e-46
632.5 1.68832e-46
632.75 1.6891e-46
633 1.68985e-46
633.25 1.69057e-46
633.5 1.69136e-46
633.75 1.69218e-46
634 1.69295e-46
634.25 1.69373e-46
634.5 1.69449e-46
634.75 1.69524e-46
635 1.69599e-46
635.25 1.69677e-46
635.5 1.69758e-46
635.75 1.69828e-46
636 1.69908e-46
636.25 1.69979e-46
636.5 1.70057e-46
636.75 1.7014e-46
637 1.70219e-46
637.25 1.70295e-46
637.5 1.7038e-46
637.75 1.70456e-46
638 1.7054e-46
638.25 1.70618e-46
638.5 1.70698e-46
638.75 1.70782e-46
639 1.70854e-46
639.25 1.70924e-46
639.5 1.70998e-46
639.75 1.71073e-46
640 1.71144e-46
640.25 1.71211e-46
640.5 1.71292e-46
640.75 1.71368e-46
641 1.71447e-46
641.25 1.71523e-46
641.5 1.71598e-46
641.75 1.71677e-46
642 1.71749e-46
642.25 1.71829e-46
642.5 1.71902e-46
642.75 1.71981e-46
643 1.72063e-46
643.25 1.72131e-46
643.5 1.72208e-46
643.75 1.72287e-46
644 1.72366e-46
644.25 1.72441e-46
644.5 1.72514e-46
644.75 1.72595e-46
645 1.72684e-46
645.25 1.72763e-46
645.5 1.72846e-46
645.75 1.72925e-46
646 1.73006e-46
646.25 1.73075e-46
646.5 1.73155e-46
646.75 1.73235e-46
647 1.73317e-46
647.25 1.73401e-46
647.5 1.73472e-46
647.75 1.73555e-46
648 1.73641e-46
648.25 1.73722e-46
648.5 1.73799e-46
648.75 1.73877e-46
649 1.73959e-46
649.25 1.74036e-46
649.5 1.74113e-46
649.75 1.74197e-46
650 1.74289e-46
650.25 1.74368e-46
650.5 1.7446e-46
650.75 1.74539e-46
651 1.74615e-46
651.25 1.7469e-46
651.5 1.74765e-46
651.75 1.74835e-46
652 1.74905e-46
652.25 1.74969e-46
652.5 1.75052e-46
652.75 1.75129e-46
653 1.75215e-46
653.25 1.75303e-46
653.5 1.75393e-46
653.75 1.7547e-46
654 1.75558e-46
654.25 1.75635e-46
654.5 1.75722e-46
654.75 1.75803e-46
655 1.75889e-46
655.25 1.75972e-46
655.5 1.76053e-46
655.75 1.76135e-46
656 1.76217e-46
656.25 1.76304e-46
656.5 1.76394e-46
656.75 1.76475e-46
657 1.76554e-46
657.25 1.76639e-46
657.5 1.76724e-46
657.75 1.76804e-46
658 1.76884e-46
658.25 1.76962e-46
658.5 1.77042e-46
658.75 1.77121e-46
659 1.77202e-46
659.25 1.77273e-46
659.5 1.77336e-46
659.75 1.77414e-46
660 1.77499e-46
660.25 1.77576e-46
660.5 1.77651e-46
660.75 1.77734e-46
661 1.77816e-46
661.25 1.77896e-46
661.5 1.77978e-46
661.75 1.78062e-46
662 1.78139e-46
662.25 1.78219e-46
662.5 1.78299e-46
662.75 1.78372e-46
663 1.78451e-46
663.25 1.78529e-46
663.5 1.78607e-46
663.75 1.78693e-46
664 1.78777e-46
664.25 1.78855e-46
664.5 1.78941e-46
664.75 1.79031e-46
665 1.7911e-46
665.25 1.79198e-46
665.5 1.79282e-46
665.75 1.79363e-46
666 1.79448e-46
666.25 1.79528e-46
666.5 1.79615e-46
666.75 1.79689e-46
667 1.79775e-46
667.25 1.79864e-46
667.5 1.79937e-46
667.75 1.80024e-46
668 1.80103e-46
668.25 1.80188e-46
668.5 1.80274e-46
668.75 1.8036e-46
669 1.80451e-46
669.25 1.80535e-46
669.5 1.80617e-46
669.75 1.80699e-46
670 1.80784e-46
670.25 1.80872e-46
670.5 1.80959e-46
670.75 1.81047e-46
671 1.81137e-46
671.25 1.81219e-46
671.5 1.81304e-46
671.75 1.81389e-46
672 1.81468e-46
672.25 1.81549e-46
672.5 1.81638e-46
672.75 1.81718e-46
673 1.81799e-46
673.25 1.81886e-46
673.5 1.8197e-46
673.75 1.82055e-46
674 1.8214e-46
674.25 1.82229e-46
674.5 1.82316e-46
674.75 1.82403e-46
675 1.82492e-46
675.25 1.82574e-46
675.5 1.82658e-46
675.75 1.82747e-46
676 1.82835e-46
676.25 1.82923e-46
676.5 1.83016e-46
676.75 1.83106e-46
677 1.83201e-46
677.25 1.83286e-46
677.5 1.83374e-46
677.75 1.83465e-46
678 1.8355e-46
678.25 1.83631e-46
678.5 1.83712e-46
678.75 1.83799e-46
679 1.83877e-46
679.25 1.83959e-46
679.5 1.84041e-46
679.75 1.84137e-46
680 1.84223e-46
680.25 1.84304e-46
680.5 1.84388e-46
680.75 1.8448e-46
681 1.84579e-46
681.25 1.84669e-46
681.5 1.84749e-46
681.75 1.8484e-46
682 1.84925e-46
682.25 1.85018e-46
682.5 1.85104e-46
682.75 1.85202e-46
683 1.85291e-46
683.25 1.85375e-46
683.5 1.85465e-46
683.75 1.85551e-46
684 1.85635e-46
684.25 1.85724e-46
684.5 1.85818e-46
684.75 1.85901e-46
685 1.85987e-46
685.25 1.86065e-46
685.5 1.86151e-46
685.75 1.86238e-46
686 1.86321e-46
686.25 1.86415e-46
686.5 1.86507e-46
686.75 1.86598e-46
687 1.8669e-46
687.25 1.86776e-46
687.5 1.86865e-46
687.75 1.8696e-46
688 1.87051e-46
688.25 1.87143e-46
688.5 1.87237e-46
688.75 1.87335e-46
689 1.87425e-46
689.25 1.8752e-46
689.5 1.87614e-46
689.75 1.87705e-46
690 1.87797e-46
690.25 1.87891e-46
690.5 1.87982e-46
690.75 1.88075e-46
691 1.88173e-46
691.25 1.88265e-46
691.5 1.88363e-46
691.75 1.8846e-46
692 1.88546e-46
692.25 1.88646e-46
692.5 1.88739e-46
692.75 1.88832e-46
693 1.88928e-46
693.25 1.89023e-46
693.5 1.89108e-46
693.75 1.8921e-46
694 1.89305e-46
694.25 1.89412e-46
694.5 1.89509e-46
694.75 1.89596e-46
695 1.89686e-46
695.25 1.89776e-46
695.5 1.8987e-46
695.75 1.89964e-46
696 1.90055e-46
696.25 1.90159e-46
696.5 1.90258e-46
696.75 1.90353e-46
697 1.90449e-46
697.25 1.90546e-46
697.5 1.90637e-46
697.75 1.90734e-46
698 1.90835e-46
698.25 1.9094e-46
698.5 1.91036e-46
698.75 1.91135e-46
699 1.91228e-46
699.25 1.91322e-46
699.5 1.91414e-46
699.75 1.91517e-46
700 1.91609e-46
700.25 1.91706e-46
700.5 1.91807e-46
700.75 1.91904e-46
701 1.91999e-46
701.25 1.92105e-46
701.5 1.92199e-46
701.75 1.92305e-46
702 1.92399e-46
702.25 1.925e-46
702.5 1.92603e-46
702.75 1.92699e-46
703 1.928e-46
703.25 1.92891e-46
703.5 1.92987e-46
703.75 1.93085e-46
704 1.93179e-46
704.25 1.93281e-46
704.5 1.93393e-46
704.75 1.93495e-46
705 1.93601e-46
705.25 1.93694e-46
705.5 1.93787e-46
705.75 1.93888e-46
706 1.93991e-46
706.25 1.94091e-46
706.5 1.9419e-46
706.75 1.94296e-46
707 1.94403e-46
707.25 1.94502e-46
707.5 1.94598e-46
707.75 1.94704e-46
708 1.94804e-46
708.25 1.94904e-46
708.5 1.95015e-46
708.75 1.9512e-46
709 1.95217e-46
709.25 1.95319e-46
709.5 1.95416e-46
709.75 1.95515e-46
710 1.95618e-46
710.25 1.95715e-46
710.5 1.95821e-46
710.75 1.95932e-46
711 1.96028e-46
711.25 1.9613e-46
711.5 1.96227e-46
711.75 1.96321e-46
712 1.96431e-46
712.25 1.96532e-46
712.5 1.96638e-46
712.75 1.96746e-46
713 1.96843e-46
713.25 1.96953e-46
713.5 1.97056e-46
713.75 1.97158e-46
714 1.9726e-46
714.25 1.9735e-46
714.5 1.97456e-46
714.75 1.97552e-46
715 1.97651e-46
715.25 1.97751e-46
715.5 1.97848e-46
715.75 1.97948e-46
716 1.98047e-46
716.25 1.98144e-46
716.5 1.98245e-46
716.75 1.98354e-46
717 1.98459e-46
717.25 1.98557e-46
717.5 1.98653e-46
717.75 1.98764e-46
718 1.9887e-46
718.25 1.98959e-46
718.5 1.99064e-46
718.75 1.99165e-46
719 1.9926e-46
719.25 1.99361e-46
719.5 1.99472e-46
719.75 1.99578e-46
720 1.99677e-46
720.25 1.99782e-46
720.5 1.99886e-46
720.75 1.99984e-46
721 2.00095e-46
721.25 2.00198e-46
721.5 2.00311e-46
721.75 2.00412e-46
722 2.00511e-46
722.25 2.00612e-46
722.5 2.00716e-46
722.75 2.00821e-46
723 2.00926e-46
723.25 2.01036e-46
723.5 2.0114e-46
723.75 2.01239e-46
724 2.01326e-46
724.25 2.01428e-46
724.5 2.01536e-46
724.75 2.01635e-46
725 2.01742e-46
725.25 2.01846e-46
725.5 2.01947e-46
725.75 2.0205e-46
726 2.02161e-46
726.25 2.0226e-46
726.5 2.02356e-46
726.75 2.02452e-46
727 2.02555e-46
727.25 2.0266e-46
727.5 2.02761e-46
727.75 2.02863e-46
728 2.02962e-46
728.25 2.03055e-46
728.5 2.0316e-46
728.75 2.03265e-46
729 2.0337e-46
729.25 2.03473e-46
729.5 2.03571e-46
729.75 2.03675e-46
730 2.03787e-46
730.25 2.03885e-46
730.5 2.03985e-46
730.75 2.04089e-46
731 2.04198e-46
731.25 2.04295e-46
731.5 2.044e-46
731.75 2.04508e-46
732 2.04608e-46
732.25 2.04718e-46
732.5 2.04826e-46
732.75 2.04933e-46
733 2.05036e-46
733.25 2.05138e-46
733.5 2.05237e-46
733.75 2.05344e-46
734 2.0545e-46
734.25 2.05548e-46
734.5 2.05652e-46
734.75 2.05758e-46
735 2.05862e-46
735.25 2.05969e-46
735.5 2.06072e-46
735.75 2.06182e-46
736 2.06291e-46
736.25 2.06405e-46
736.5 2.0651e-46
736.75 2.06615e-46
737 2.06719e-46
737.25 2.0682e-46
737.5 2.06924e-46
737.75 2.07027e-46
738 2.07132e-46
738.25 2.07234e-46
738.5 2.0734e-46
738.75 2.07448e-46
739 2.07555e-46
739.25 2.07662e-46
739.5 2.07766e-46
739.75 2.07872e-46
740 2.07979e-46
740.25 2.08091e-46
740.5 2.08194e-46
740.75 2.08301e-46
741 2.08402e-46
741.25 2.08507e-46
741.5 2.08603e-46
741.75 2.08713e-46
742 2.08811e-46
742.25 2.08914e-46
742.5 2.09013e-46
742.75 2.09119e-46
743 2.09225e-46
743.25 2.09331e-46
743.5 2.09439e-46
743.75 2.09554e-46
744 2.09658e-46
744.25 2.09768e-46
744.5 2.09865e-46
744.75 2.09972e-46
745 2.10083e-46
745.25 2.10191e-46
745.5 2.10302e-46
745.75 2.10407e-46
746 2.10513e-46
746.25 2.10621e-46
746.5 2.10728e-46
746.75 2.10838e-46
747 2.10938e-46
747.25 2.11045e-46
747.5 2.11155e-46
747.75 2.11257e-46
748 2.11365e-46
748.25 2.11477e-46
748.5 2.1158e-46
748.75 2.1168e-46
749 2.11786e-46
749.25 2.11898e-46
749.5 2.12002e-46
749.75 2.12107e-46
750 2.12203e-46
750.25 2.12312e-46
750.5 2.12409e-46
750.75 2.12515e-46
751 2.12627e-46
751.25 2.12728e-46
751.5 2.12825e-46
751.75 2.12924e-46
752 2.13031e-46
752.25 2.13137e-46
752.5 2.13247e-46
752.75 2.13349e-46
753 2.13454e-46
753.25 2.13566e-46
753.5 2.13671e-46
753.75 2.13772e-46
754 2.13881e-46
754.25 2.1399e-46
754.5 2.14094e-46
754.75 2.14201e-46
755 2.14301e-46
755.25 2.14404e-46
755.5 2.14519e-46
755.75 2.14627e-46
756 2.1474e-46
756.25 2.14841e-46
756.5 2.14946e-46
756.75 2.15044e-46
757 2.15149e-46
757.25 2.15254e-46
757.5 2.15357e-46
757.75 2.1546e-46
758 2.15569e-46
758.25 2.15667e-46
758.5 2.1578e-46
758.75 2.15888e-46
759 2.15992e-46
759.25 2.16099e-46
759.5 2.162e-46
759.75 2.16305e-46
760 2.16405e-46
760.25 2.16515e-46
760.5 2.16621e-46
760.75 2.16726e-46
761 2.16828e-46
761.25 2.16943e-46
761.5 2.17047e-46
761.75 2.17158e-46
762 2.17264e-46
762.25 2.17369e-46
762.5 2.17473e-46
762.75 2.17578e-46
763 2.17681e-46
763.25 2.17788e-46
763.5 2.17897e-46
763.75 2.18002e-46
764 2.18114e-46
764.25 2.18218e-46
764.5 2.18322e-46
764.75 2.18427e-46
765 2.18535e-46
765.25 2.18643e-46
765.5 2.18754e-46
765.75 2.18863e-46
766 2.18969e-46
766.25 2.1907e-46
766.5 2.19178e-46
766.75 2.19289e-46
767 2.19397e-46
767.25 2.1952e-46
767.5 2.19622e-46
767.75 2.19733e-46
768 2.19837e-46
768.25 2.19938e-46
768.5 2.20047e-46
768.75 2.20159e-46
769 2.20269e-46
769.25 2.20379e-46
769.5 2.20476e-46
769.75 2.20591e-46
770 2.20699e-46
770.25 2.20794e-46
770.5 2.20893e-46
770.75 2.21002e-46
771 2.21113e-46
771.25 2.21215e-46
771.5 2.2132e-46
771.75 2.21434e-46
772 2.21558e-46
772.25 2.21652e-46
772.5 2.21752e-46
772.75 2.21846e-46
773 2.21949e-46
773.25 2.22063e-46
773.5 2.2217e-46
773.75 2.22277e-46
774 2.22397e-46
774.25 2.22502e-46
774.5 2.22611e-46
774.75 2.22716e-46
775 2.22829e-46
775.25 2.22932e-46
775.5 2.23044e-46
775.75 2.23162e-46
776 2.23269e-46
776.25 2.2338e-46
776.5 2.23492e-46
776.75 2.23599e-46
777 2.23714e-46
777.25 2.23822e-46
777.5 2.2393e-46
777.75 2.24044e-46
778 2.24156e-46
778.25 2.24259e-46
778.5 2.24362e-46
778.75 2.24467e-46
779 2.24572e-46
779.25 2.24673e-46
779.5 2.24783e-46
779.75 2.24892e-46
780 2.25006e-46
780.25 2.25107e-46
780.5 2.25215e-46
780.75 2.25329e-46
781 2.25441e-46
781.25 2.25556e-46
781.5 2.25665e-46
781.75 2.2578e-46
782 2.25883e-46
782.25 2.25995e-46
782.5 2.26109e-46
782.75 2.26217e-46
783 2.26327e-46
783.25 2.26427e-46
783.5 2.26529e-46
783.75 2.2664e-46
784 2.26749e-46
784.25 2.2686e-46
784.5 2.26963e-46
784.75 2.27067e-46
785 2.27174e-46
785.25 2.27278e-46
785.5 2.27391e-46
785.75 2.27498e-46
786 2.27615e-46
786.25 2.27728e-46
786.5 2.27833e-46
786.75 2.27944e-46
787 2.28049e-46
787.25 2.28161e-46
787.5 2.28272e-46
787.75 2.28379e-46
788 2.28492e-46
788.25 2.28604e-46
788.5 2.28722e-46
788.75 2.28838e-46
789 2.28941e-46
789.25 2.29051e-46
789.5 2.29158e-46
789.75 2.29267e-46
790 2.29371e-46
790.25 2.29483e-46
790.5 2.29591e-46
790.75 2.29694e-46
791 2.29809e-46
791.25 2.29932e-46
791.5 2.3005e-46
791.75 2.30179e-46
792 2.3027e-46
792.25 2.30377e-46
792.5 2.30489e-46
792.75 2.30604e-46
793 2.30721e-46
793.25 2.30834e-46
793.5 2.30948e-46
793.75 2.31058e-46
794 2.31169e-46
794.25 2.31278e-46
794.5 2.31388e-46
794.75 2.31512e-46
795 2.31616e-46
795.25 2.31723e-46
795.5 2.31829e-46
795.75 2.31937e-46
796 2.32041e-46
796.25 2.32152e-46
796.5 2.3226e-46
796.75 2.32373e-46
797 2.32487e-46
797.25 2.32596e-46
797.5 2.32704e-46
797.75 2.32807e-46
798 2.3292e-46
798.25 2.3303e-46
798.5 2.33144e-46
798.75 2.33265e-46
799 2.33376e-46
799.25 2.33481e-46
799.5 2.33583e-46
799.75 2.33706e-46
800 2.33824e-46
800.25 2.33945e-46
800.5 2.34039e-46
800.75 2.34138e-46
801 2.34246e-46
801.25 2.34371e-46
801.5 2.34485e-46
801.75 2.34597e-46
802 2.34697e-46
802.25 2.34809e-46
802.5 2.34925e-46
802.75 2.35044e-46
803 2.35148e-46
803.25 2.35268e-46
803.5 2.35391e-46
803.75 2.35504e-46
804 2.35605e-46
804.25 2.35717e-46
804.5 2.3582e-46
804.75 2.3592e-46
805 2.36038e-46
805.25 2.3614e-46
805.5 2.36242e-46
805.75 2.3635e-46
806 2.36468e-46
806.25 2.36576e-46
806.5 2.36683e-46
806.75 2.36786e-46
807 2.36892e-46
807.25 2.36998e-46
807.5 2.37099e-46
807.75 2.37208e-46
808 2.37319e-46
808.25 2.37433e-46
808.5 2.37541e-46
808.75 2.37647e-46
809 2.37756e-46
809.25 2.37867e-46
809.5 2.37981e-46
809.75 2.38078e-46
810 2.38187e-46
810.25 2.38303e-46
810.5 2.38396e-46
810.75 2.38502e-46
811 2.38607e-46
811.25 2.38711e-46
811.5 2.38812e-46
811.75 2.38928e-46
812 2.39035e-46
812.25 2.39135e-46
812.5 2.39236e-46
812.75 2.39329e-46
813 2.39432e-46
813.25 2.39538e-46
813.5 2.39637e-46
813.75 2.3974e-46
814 2.39839e-46
814.25 2.3995e-46
814.5 2.4006e-46
814.75 2.40162e-46
815 2.40271e-46
815.25 2.40376e-46
815.5 2.40481e-46
815.75 2.40595e-46
816 2.4069e-46
816.25 2.40781e-46
816.5 2.40885e-46
816.75 2.40971e-46
817 2.41074e-46
817.25 2.41169e-46
817.5 2.41284e-46
817.75 2.41381e-46
818 2.41477e-46
818.25 2.41577e-46
818.5 2.41676e-46
818.75 2.41775e-46
819 2.41878e-46
819.25 2.41973e-46
819.5 2.42062e-46
819.75 2.4216e-46
820 2.42258e-46
820.25 2.42352e-46
820.5 2.42457e-46
820.75 2.4256e-46
821 2.42653e-46
821.25 2.42759e-46
821.5 2.42874e-46
821.75 2.42978e-46
822 2.43076e-46
822.25 2.43175e-46
822.5 2.43279e-46
822.75 2.43392e-46
823 2.43486e-46
823.25 2.43588e-46
823.5 2.43687e-46
823.75 2.43788e-46
824 2.43872e-46
824.25 2.43978e-46
824.5 2.44082e-46
824.75 2.44167e-46
825 2.44266e-46
825.25 2.44367e-46
825.5 2.44469e-46
825.75 2.44557e-46
826 2.44654e-46
826.25 2.4475e-46
826.5 2.44837e-46
826.75 2.44938e-46
827 2.45031e-46
827.25 2.4513e-46
827.5 2.45221e-46
827.75 2.45315e-46
828 2.45412e-46
828.25 2.45498e-46
828.5 2.456e-46
828.75 2.45681e-46
829 2.45779e-46
829.25 2.45883e-46
829.5 2.45983e-46
829.75 2.46077e-46
830 2.46167e-46
830.25 2.46264e-46
830.5 2.4635e-46
830.75 2.46436e-46
831 2.46521e-46
831.25 2.46634e-46
831.5 2.4672e-46
831.75 2.46806e-46
832 2.4691e-46
832.25 2.46993e-46
832.5 2.47086e-46
832.75 2.47182e-46
833 2.47266e-46
833.25 2.47354e-46
833.5 2.47457e-46
833.75 2.47547e-46
834 2.47641e-46
834.25 2.47735e-46
834.5 2.47813e-46
834.75 2.47897e-46
835 2.47986e-46
835.25 2.48072e-46
835.5 2.4817e-46
835.75 2.48261e-46
836 2.48353e-46
836.25 2.48442e-46
836.5 2.48534e-46
836.75 2.48624e-46
837 2.48716e-46
837.25 2.48801e-46
837.5 2.48891e-46
837.75 2.48964e-46
838 2.49054e-46
838.25 2.4913e-46
838.5 2.49221e-46
838.75 2.49302e-46
839 2.49391e-46
839.25 2.49481e-46
839.5 2.49554e-46
839.75 2.49643e-46
840 2.4975e-46
840.25 2.49872e-46
840.5 2.49907e-46
840.75 2.49969e-46
841 2.50047e-46
841.25 2.50128e-46
841.5 2.50206e-46
841.75 2.50276e-46
842 2.50357e-46
842.25 2.50439e-46
842.5 2.50532e-46
842.75 2.50616e-46
843 2.50702e-46
843.25 2.50788e-46
843.5 2.50878e-46
843.75 2.50956e-46
844 2.51033e-46
844.25 2.51111e-46
844.5 2.51199e-46
844.75 2.51279e-46
845 2.51364e-46
845.25 2.51438e-46
845.5 2.5151e-46
845.75 2.51581e-46
846 2.51657e-46
846.25 2.51746e-46
846.5 2.5183e-46
846.75 2.51913e-46
847 2.51997e-46
847.25 2.52072e-46
847.5 2.52147e-46
847.75 2.52215e-46
848 2.52292e-46
848.25 2.52368e-46
848.5 2.52449e-46
848.75 2.52521e-46
849 2.52593e-46
849.25 2.52674e-46
849.5 2.52751e-46
849.75 2.52837e-46
850 2.52924e-46
850.25 2.53004e-46
850.5 2.53076e-46
850.75 2.53148e-46
851 2.53226e-46
851.25 2.53293e-46
851.5 2.53362e-46
851.75 2.53441e-46
852 2.53509e-46
852.25 2.53586e-46
852.5 2.53658e-46
852.75 2.53721e-46
853 2.53788e-46
853.25 2.53846e-46
853.5 2.53918e-46
853.75 2.53992e-46
854 2.54073e-46
854.25 2.54147e-46
854.5 2.54219e-46
854.75 2.5429e-46
855 2.54362e-46
855.25 2.54434e-46
855.5 2.54507e-46
855.75 2.54568e-46
856 2.54634e-46
856.25 2.54704e-46
856.5 2.54774e-46
856.75 2.54834e-46
857 2.54904e-46
857.25 2.54977e-46
857.5 2.55041e-46
857.75 2.55121e-46
858 2.55173e-46
858.25 2.5524e-46
858.5 2.55292e-46
858.75 2.55358e-46
859 2.55429e-46
859.25 2.5549e-46
859.5 2.5555e-46
859.75 2.55612e-46
860 2.55676e-46
860.25 2.55728e-46
860.5 2.55789e-46
860.75 2.55849e-46
861 2.5591e-46
861.25 2.55958e-46
861.5 2.56028e-46
861.75 2.56099e-46
862 2.56162e-46
862.25 2.56218e-46
862.5 2.56271e-46
862.75 2.56333e-46
863 2.56398e-46
863.25 2.56476e-46
863.5 2.56533e-46
863.75 2.56582e-46
864 2.56642e-46
864.25 2.56686e-46
864.5 2.5674e-46
864.75 2.56798e-46
865 2.56854e-46
865.25 2.56912e-46
865.5 2.56963e-46
865.75 2.57011e-46
866 2.57072e-46
866.25 2.57127e-46
866.5 2.57185e-46
866.75 2.57243e-46
867 2.57294e-46
867.25 2.57353e-46
867.5 2.57407e-46
867.75 2.57458e-46
868 2.57501e-46
868.25 2.5756e-46
868.5 2.57622e-46
868.75 2.57672e-46
869 2.57728e-46
869.25 2.57773e-46
869.5 2.57831e-46
869.75 2.57874e-46
870 2.57912e-46
870.25 2.57946e-46
870.5 2.57996e-46
870.75 2.58052e-46
871 2.5809e-46
871.25 2.58146e-46
871.5 2.58198e-46
871.75 2.58267e-46
872 2.58345e-46
872.25 2.58396e-46
872.5 2.5844e-46
872.75 2.58466e-46
873 2.58511e-46
873.25 2.5856e-46
873.5 2.58608e-46
873.75 2.5866e-46
874 2.58701e-46
874.25 2.5874e-46
874.5 2.58775e-46
874.75 2.58822e-46
875 2.58862e-46
875.25 2.58907e-46
875.5 2.58947e-46
875.75 2.5899e-46
876 2.59029e-46
876.25 2.59077e-46
876.5 2.59109e-46
876.75 2.59147e-46
877 2.59199e-46
877.25 2.59228e-46
877.5 2.59267e-46
877.75 2.59288e-46
878 2.59331e-46
878.25 2.59359e-46
878.5 2.59403e-46
878.75 2.59436e-46
879 2.59467e-46
879.25 2.59505e-46
879.5 2.59529e-46
879.75 2.59569e-46
880 2.59607e-46
880.25 2.59649e-46
880.5 2.59697e-46
880.75 2.59738e-46
881 2.59777e-46
881.25 2.59809e-46
881.5 2.59844e-46
881.75 2.5988e-46
882 2.59903e-46
882.25 2.59936e-46
882.5 2.59971e-46
882.75 2.59998e-46
883 2.60034e-46
883.25 2.60078e-46
883.5 2.60117e-46
883.75 2.60148e-46
884 2.60185e-46
884.25 2.60219e-46
884.5 2.60249e-46
884.75 2.60274e-46
885 2.60295e-46
885.25 2.6034e-46
885.5 2.60378e-46
885.75 2.60407e-46
886 2.60434e-46
886.25 2.60462e-46
886.5 2.60476e-46
886.75 2.60501e-46
887 2.60538e-46
887.25 2.60559e-46
887.5 2.60579e-46
887.75 2.60606e-46
888 2.60642e-46
888.25 2.60662e-46
888.5 2.60668e-46
888.75 2.60694e-46
889 2.60728e-46
889.25 2.60747e-46
889.5 2.60766e-46
889.75 2.60791e-46
890 2.60825e-46
890.25 2.60842e-46
890.5 2.60861e-46
890.75 2.60886e-46
891 2.60912e-46
891.25 2.60937e-46
891.5 2.60954e-46
891.75 2.60976e-46
892 2.61003e-46
892.25 2.61025e-46
892.5 2.61056e-46
892.75 2.61082e-46
893 2.61104e-46
893.25 2.61108e-46
893.5 2.61131e-46
893.75 2.61151e-46
894 2.61178e-46
894.25 2.61195e-46
894.5 2.61215e-46
894.75 2.61233e-46
895 2.61253e-46
895.25 2.6127e-46
895.5 2.61281e-46
895.75 2.61294e-46
896 2.6132e-46
896.25 2.61336e-46
896.5 2.61349e-46
896.75 2.61369e-46
897 2.61389e-46
897.25 2.61413e-46
897.5 2.61417e-46
897.75 2.61426e-46
898 2.61446e-46
898.25 2.61459e-46
898.5 2.61464e-46
898.75 2.61476e-46
899 2.61473e-46
899.25 2.61482e-46
899.5 2.61488e-46
899.75 2.61498e-46
900 2.61512e-46
900.25 2.61527e-46
900.5 2.6153e-46
900.75 2.61537e-46
901 2.61552e-46
901.25 2.61568e-46
901.5 2.61572e-46
901.75 2.61565e-46
902 2.61577e-46
902.25 2.61587e-46
902.5 2.61592e-46
902.75 2.616e-46
903 2.61599e-46
903.25 2.61623e-46
903.5 2.61629e-46
903.75 2.61639e-46
904 2.61637e-46
904.25 2.6164e-46
904.5 2.61644e-46
904.75 2.61648e-46
905 2.61661e-46
905.25 2.61674e-46
905.5 2.61684e-46
905.75 2.61694e-46
906 2.61692e-46
906.25 2.61703e-46
906.5 2.61699e-46
906.75 2.61708e-46
907 2.61716e-46
907.25 2.6173e-46
907.5 2.61735e-46
907.75 2.6175e-46
908 2.61752e-46
908.25 2.61762e-46
908.5 2.6176e-46
908.75 2.61756e-46
909 2.61756e-46
909.25 2.61759e-46
909.5 2.61755e-46
909.75 2.61753e-46
910 2.61758e-46
910.25 2.61764e-46
910.5 2.61774e-46
910.75 2.61772e-46
911 2.61762e-46
911.25 2.6176e-46
911.5 2.61751e-46
911.75 2.6175e-46
912 2.61755e-46
912.25 2.6176e-46
912.5 2.61759e-46
912.75 2.61758e-46
913 2.61775e-46
913.25 2.61776e-46
913.5 2.61787e-46
913.75 2.61786e-46
914 2.61776e-46
914.25 2.6177e-46
914.5 2.61785e-46
914.75 2.61789e-46
915 2.6178e-46
915.25 2.61768e-46
915.5 2.61773e-46
915.75 2.61768e-46
916 2.61767e-46
916.25 2.61757e-46
916.5 2.61755e-46
916.75 2.61747e-46
917 2.61738e-46
917.25 2.61743e-46
917.5 2.61741e-46
917.75 2.61746e-46
918 2.61737e-46
918.25 2.61723e-46
918.5 2.61727e-46
918.75 2.61718e-46
919 2.61721e-46
919.25 2.61707e-46
919.5 2.61698e-46
919.75 2.61689e-46
920 2.61684e-46
920.25 2.61684e-46
920.5 2.61684e-46
920.75 2.61687e-46
921 2.6168e-46
921.25 2.61682e-46
921.5 2.61692e-46
921.75 2.61657e-46
922 2.61651e-46
922.25 2.61627e-46
922.5 2.61599e-46
922.75 2.61582e-46
923 2.61573e-46
923.25 2.61574e-46
923.5 2.61555e-46
923.75 2.6155e-46
924 2.6153e-46
924.25 2.6151e-46
924.5 2.61487e-46
924.75 2.61473e-46
925 2.61471e-46
925.25 2.61434e-46
925.5 2.61415e-46
925.75 2.61401e-46
926 2.61381e-46
926.25 2.61352e-46
926.5 2.61334e-46
926.75 2.61308e-46
927 2.61289e-46
927.25 2.61274e-46
927.5 2.61259e-46
927.75 2.61224e-46
928 2.61186e-46
928.25 2.61153e-46
928.5 2.61133e-46
928.75 2.61105e-46
929 2.61069e-46
929.25 2.61036e-46
929.5 2.61002e-46
929.75 2.60959e-46
930 2.60918e-46
930.25 2.60893e-46
930.5 2.60878e-46
930.75 2.60852e-46
931 2.60824e-46
931.25 2.60793e-46
931.5 2.60756e-46
931.75 2.60716e-46
932 2.60671e-46
932.25 2.60634e-46
932.5 2.60585e-46
932.75 2.60558e-46
933 2.60514e-46
933.25 2.60468e-46
933.5 2.60418e-46
933.75 2.6038e-46
934 2.60338e-46
934.25 2.60285e-46
934.5 2.60225e-46
934.75 2.60189e-46
935 2.60155e-46
935.25 2.60122e-46
935.5 2.60078e-46
935.75 2.60034e-46
936 2.59997e-46
936.25 2.59943e-46
936.5 2.59893e-46
936.75 2.5986e-46
937 2.59822e-46
937.25 2.59768e-46
937.5 2.59721e-46
937.75 2.59672e-46
938 2.59634e-46
938.25 2.59576e-46
938.5 2.59531e-46
938.75 2.59495e-46
939 2.59461e-46
939.25 2.59437e-46
939.5 2.59397e-46
939.75 2.59362e-46
940 2.59307e-46
940.25 2.59256e-46
940.5 2.59214e-46
940.75 2.59177e-46
941 2.59124e-46
941.25 2.59055e-46
941.5 2.59006e-46
941.75 2.58947e-46
942 2.58885e-46
942.25 2.58828e-46
942.5 2.5878e-46
942.75 2.5872e-46
943 2.5867e-46
943.25 2.5861e-46
943.5 2.58529e-46
943.75 2.58489e-46
944 2.58434e-46
944.25 2.58372e-46
944.5 2.58317e-46
944.75 2.58259e-46
945 2.58174e-46
945.25 2.5812e-46
945.5 2.58054e-46
945.75 2.57969e-46
946 2.57909e-46
946.25 2.57847e-46
946.5 2.57764e-46
946.75 2.57694e-46
947 2.57623e-46
947.25 2.57545e-46
947.5 2.5746e-46
947.75 2.57408e-46
948 2.57356e-46
948.25 2.57307e-46
948.5 2.57237e-46
948.75 2.57137e-46
949 2.57055e-46
949.25 2.56984e-46
949.5 2.56907e-46
949.75 2.56829e-46
950 2.56766e-46
950.25 2.56703e-46
950.5 2.56624e-46
950.75 2.56533e-46
951 2.56439e-46
951.25 2.56344e-46
951.5 2.56274e-46
951.75 2.56201e-46
952 2.56129e-46
952.25 2.56072e-46
952.5 2.55978e-46
952.75 2.55884e-46
953 2.55798e-46
953.25 2.55718e-46
953.5 2.55622e-46
953.75 2.55519e-46
954 2.5544e-46
954.25 2.55361e-46
954.5 2.55261e-46
954.75 2.55184e-46
955 2.55088e-46
955.25 2.54981e-46
955.5 2.54875e-46
955.75 2.54768e-46
956 2.54673e-46
956.25 2.54569e-46
956.5 2.5446e-46
956.75 2.54357e-46
957 2.54248e-46
957.25 2.54129e-46
957.5 2.54001e-46
957.75 2.53882e-46
958 2.53754e-46
958.25 2.53623e-46
958.5 2.53482e-46
958.75 2.53352e-46
959 2.53221e-46
959.25 2.53102e-46
959.5 2.52955e-46
959.75 2.52818e-46
960 2.52687e-46
960.25 2.52542e-46
960.5 2.52392e-46
960.75 2.52282e-46
961 2.52157e-46
961.25 2.52025e-46
961.5 2.51897e-46
961.75 2.51759e-46
962 2.51646e-46
962.25 2.51496e-46
962.5 2.51355e-46
962.75 2.51212e-46
963 2.51069e-46
963.25 2.50946e-46
963.5 2.50803e-46
963.75 2.50646e-46
964 2.50481e-46
964.25 2.50332e-46
964.5 2.50184e-46
964.75 2.50026e-46
965 2.49882e-46
965.25 2.49739e-46
965.5 2.49565e-46
965.75 2.49403e-46
966 2.49252e-46
966.25 2.49095e-46
966.5 2.48931e-46
966.75 2.48756e-46
967 2.48584e-46
967.25 2.4843e-46
967.5 2.48281e-46
967.75 2.48115e-46
968 2.47982e-46
968.25 2.4782e-46
968.5 2.47701e-46
968.75 2.47552e-46
969 2.47424e-46
969.25 2.47294e-46
969.5 2.47134e-46
969.75 2.46964e-46
970 2.46803e-46
970.25 2.46648e-46
970.5 2.4647e-46
970.75 2.46299e-46
971 2.46132e-46
971.25 2.45975e-46
971.5 2.45846e-46
971.75 2.45676e-46
972 2.45517e-46
972.25 2.4538e-46
972.5 2.45249e-46
972.75 2.45169e-46
973 2.4514e-46
973.25 2.45215e-46
973.5 2.44767e-46
973.75 2.44545e-46
974 2.44384e-46
974.25 2.44184e-46
974.5 2.44012e-46
974.75 2.43836e-46
975 2.4368e-46
975.25 2.43498e-46
975.5 2.43315e-46
975.75 2.43115e-46
976 2.42931e-46
976.25 2.42794e-46
976.5 2.42591e-46
976.75 2.42333e-46
977 2.41972e-46
977.25 2.41493e-46
977.5 2.40849e-46
977.75 2.40051e-46
978 2.39052e-46
978.25 2.37862e-46
978.5 2.3639e-46
978.75 2.34637e-46
979 2.32561e-46
979.25 2.30194e-46
979.5 2.27471e-46
979.75 2.24397e-46
980 2.2085e-46
980.25 2.16878e-46
980.5 2.12571e-46
980.75 2.07885e-46
981 2.02773e-46
981.25 1.97131e-46
981.5 1.9116e-46
981.75 1.84791e-46
982 1.78043e-46
982.25 1.70452e-46
982.5 1.62862e-46
982.75 1.54391e-46
983 1.45606e-46
983.25 1.36896e-46
983.5 1.28011e-46
983.75 1.19698e-46
984 1.12049e-46
984.25 1.04804e-46
984.5 9.82156e-47
984.75 9.2047e-47
985 8.66417e-47
985.25 8.29028e-47
985.5 8.07681e-47
985.75 8.00563e-47
986 8.13289e-47
986.25 8.52694e-47
986.5 9.25499e-47
986.75 1.04447e-46
987 1.2316e-46
987.25 1.52334e-46
987.5 1.9815e-46
987.75 2.7246e-46
988 3.98045e-46
988.25 6.15793e-46
988.5 1.0024e-45
988.75 1.73053e-45
989 3.09998e-45
989.25 5.73428e-45
989.5 1.10192e-44
989.75 2.12654e-44
990 4.16891e-44
990.25 8.22672e-44
990.5 1.60893e-43
990.75 3.08258e-43
991 5.77481e-43
991.25 1.05031e-42
991.5 1.87326e-42
991.75 3.70866e-42
992 4.81111e-42
992.25 6.86455e-42
992.5 9.47424e-42
992.75 1.22894e-41
993 1.50638e-41
993.25 1.74343e-41
993.5 1.9089e-41
993.75 1.99051e-41
994 1.98134e-41
994.25 1.88742e-41
994.5 1.72473e-41
994.75 1.51635e-41
995 1.28677e-41
995.25 1.05502e-41
995.5 8.38857e-42
995.75 6.50155e-42
996 4.90493e-42
996.25 3.61536e-42
996.5 2.62192e-42
996.75 1.89899e-42
997 1.43619e-42
997.25 1.33331e-42
997.5 2.08004e-42
997.75 6.19705e-42
998 2.95752e-41
998.25 3.63222e-40
998.5 1.98713e-40
998.75 2.29262e-41
999 4.74258e-42
999.25 1.29257e-42
999.5 4.21717e-43
999.75 1.54694e-43
1000 6.31307e-44
1000.25 2.79461e-44
1000.5 1.36117e-44
1000.75 7.22829e-45
1001 4.12669e-45
1001.25 2.53479e-45
1001.5 1.72806e-45
1001.75 1.28997e-45
1002 1.08853e-45
1002.25 1.11542e-45
1002.5 1.43516e-45
1002.75 2.25942e-45
1003 4.1561e-45
1003.25 8.92515e-45
1003.5 2.20824e-44
1003.75 6.22032e-44
1004 1.93761e-43
1004.25 1.31078e-42
1004.5 4.57634e-42
1004.75 3.03925e-43
1005 9.08499e-44
1005.25 3.00679e-44
1005.5 1.16971e-44
1005.75 5.04036e-45
1006 2.36515e-45
1006.25 1.18487e-45
1006.5 6.40613e-46
1006.75 3.83015e-46
1007 2.57838e-46
1007.25 1.97616e-46
1007.5 1.75723e-46
1007.75 1.7774e-46
1008 1.99989e-46
1008.25 2.46719e-46
1008.5 3.42129e-46
1008.75 5.25891e-46
1009 9.19384e-46
1009.25 1.68903e-45
1009.5 2.22344e-45
1009.75 1.50859e-45
1010 6.95891e-46
1010.25 3.98566e-46
1010.5 2.61059e-46
1010.75 1.88852e-46
1011 1.47744e-46
1011.25 1.21361e-46
1011.5 1.03444e-46
1011.75 9.0836e-47
1012 8.17102e-47
1012.25 7.48134e-47
1012.5 6.95583e-47
1012.75 6.56188e-47
1013 6.28221e-47
1013.25 6.06195e-47
1013.5 5.8964e-47
1013.75 5.7833e-47
1014 5.70589e-47
1014.25 5.66479e-47
1014.5 5.64808e-47
1014.75 5.65527e-47
1015 5.67685e-47
1015.25 5.72525e-47
1015.5 5.78156e-47
1015.75 5.85232e-47
1016 5.93781e-47
1016.25 6.02998e-47
1016.5 6.12464e-47
1016.75 6.21605e-47
1017 6.31811e-47
1017.25 6.42445e-47
1017.5 6.52576e-47
1017.75 6.61953e-47
1018 6.7238e-47
1018.25 6.82494e-47
1018.5 6.9261e-47
1018.75 7.02652e-47
1019 7.11616e-47
1019.25 7.19736e-47
1019.5 7.27338e-47
1019.75 7.34179e-47
1020 7.40929e-47
1020.25 7.46846e-47
1020.5 7.53401e-47
1020.75 7.60475e-47
1021 7.66215e-47
1021.25 7.71547e-47
1021.5 7.75213e-47
1021.75 7.80334e-47
1022 7.84991e-47
1022.25 7.90068e-47
1022.5 7.92467e-47
1022.75 7.96667e-47
1023 8.00032e-47
1023.25 8.03189e-47
1023.5 8.07218e-47
1023.75 1.18721e-44
