0 0.5
0.25 0.5
0.5 0.5
0.75 0.5
1 0.5
1.25 0.5
1.5 0.5
1.75 0.5
2 0.5
2.25 0.5
2.5 0.5
2.75 0.5
3 0.5
3.25 0.5
3.5 0.5
3.75 0.5
4 0.5
4.25 0.5
4.5 0.5
4.75 0.5
5 0.5
5.25 0.5
5.5 0.5
5.75 0.5
6 0.5
6.25 0.5
6.5 0.5
6.75 0.5
7 0.5
7.25 0.5
7.5 0.5
7.75 0.5
8 0.5
8.25 0.5
8.5 0.5
8.75 0.5
9 0.5
9.25 0.5
9.5 0.5
9.75 0.5
10 0.5
10.25 0.5
10.5 0.5
10.75 0.5
11 0.5
11.25 0.5
11.5 0.5
11.75 0.5
12 0.5
12.25 0.5
12.5 0.5
12.75 0.5
13 0.5
13.25 0.5
13.5 0.5
13.75 0.5
14 0.5
14.25 0.5
14.5 0.5
14.75 0.5
15 0.5
15.25 0.5
15.5 0.5
15.75 0.5
16 6.86631e-42
16.25 5.19056e-42
16.5 3.92248e-42
16.75 2.95813e-42
17 2.23296e-42
17.25 1.69303e-42
17.5 1.28695e-42
17.75 9.84945e-43
18 7.55922e-43
18.25 5.84976e-43
18.5 4.54035e-43
18.75 3.53735e-43
19 2.78109e-43
19.25 2.19348e-43
19.5 1.74573e-43
19.75 1.40246e-43
20 1.13345e-43
20.25 9.23707e-44
20.5 7.61783e-44
20.75 6.32695e-44
21 5.29267e-44
21.25 4.46467e-44
21.5 3.79322e-44
21.75 3.24586e-44
22 2.79585e-44
22.25 2.42494e-44
22.5 2.11551e-44
22.75 1.85646e-44
23 1.6411e-44
23.25 1.45942e-44
23.5 1.30564e-44
23.75 1.17369e-44
24 1.06112e-44
24.25 9.64324e-45
24.5 8.8201e-45
24.75 8.10311e-45
25 7.47994e-45
25.25 6.93203e-45
25.5 6.43937e-45
25.75 5.99672e-45
26 5.59967e-45
26.25 5.24913e-45
26.5 4.92809e-45
26.75 4.63571e-45
27 4.36996e-45
27.25 4.12679e-45
27.5 3.89993e-45
27.75 3.68194e-45
28 3.47679e-45
28.25 3.28722e-45
28.5 3.1065e-45
28.75 2.94076e-45
29 2.78405e-45
29.25 2.63681e-45
29.5 2.50341e-45
29.75 2.3766e-45
30 2.26078e-45
30.25 2.15306e-45
30.5 2.05523e-45
30.75 1.96682e-45
31 1.8897e-45
31.25 1.82681e-45
31.5 1.78533e-45
31.75 1.78017e-45
32 1.82647e-45
32.25 1.98009e-45
32.5 2.28567e-45
32.75 2.89509e-45
33 4.13814e-45
33.25 6.61191e-45
33.5 1.17994e-44
33.75 2.36699e-44
34 5.4419e-44
34.25 1.45468e-43
34.5 4.18164e-43
34.75 2.14947e-42
35 1.30602e-41
35.25 8.94263e-43
35.5 2.67488e-43
35.75 9.83619e-44
36 3.75317e-44
36.25 1.63712e-44
36.5 7.98934e-45
36.75 4.34406e-45
37 2.61142e-45
37.25 1.72751e-45
37.5 1.25297e-45
37.75 9.91298e-46
38 8.32513e-46
38.25 7.37753e-46
38.5 6.74578e-46
38.75 6.31573e-46
39 6.01368e-46
39.25 5.77791e-46
39.5 5.58614e-46
39.75 5.419e-46
40 5.2697e-46
40.25 5.13693e-46
40.5 5.00337e-46
40.75 4.89007e-46
41 4.78582e-46
41.25 4.68543e-46
41.5 4.58997e-46
41.75 4.4975e-46
42 4.4106e-46
42.25 4.32717e-46
42.5 4.24965e-46
42.75 4.17265e-46
43 4.09864e-46
43.25 4.02956e-46
43.5 3.96418e-46
43.75 3.90145e-46
44 3.83999e-46
44.25 3.78247e-46
44.5 3.72885e-46
44.75 3.67693e-46
45 3.62644e-46
45.25 3.58012e-46
45.5 3.53568e-46
45.75 3.4948e-46
46 3.45518e-46
46.25 3.4168e-46
46.5 3.38109e-46
46.75 3.34639e-46
47 3.31291e-46
47.25 3.28323e-46
47.5 3.25341e-46
47.75 3.22547e-46
48 3.1993e-46
48.25 3.17505e-46
48.5 3.15274e-46
48.75 3.13212e-46
49 3.11217e-46
49.25 3.0938e-46
49.5 3.07616e-46
49.75 3.06123e-46
50 3.04712e-46
50.25 3.03333e-46
50.5 3.02142e-46
50.75 3.00985e-46
51 2.99903e-46
51.25 2.99003e-46
51.5 2.98113e-46
51.75 2.97334e-46
52 2.96667e-46
52.25 2.96028e-46
52.5 2.9549e-46
52.75 2.94949e-46
53 2.94526e-46
53.25 2.94248e-46
53.5 2.94113e-46
53.75 2.93891e-46
54 2.93895e-46
54.25 2.94002e-46
54.5 2.94084e-46
54.75 2.94203e-46
55 2.94335e-46
55.25 2.94647e-46
55.5 2.95119e-46
55.75 2.95793e-46
56 2.96613e-46
56.25 2.97744e-46
56.5 2.99614e-46
56.75 3.02492e-46
57 3.06488e-46
57.25 3.12706e-46
57.5 3.22423e-46
57.75 3.38232e-46
58 3.6408e-46
58.25 4.08216e-46
58.5 4.89598e-46
58.75 6.47415e-46
59 9.11949e-46
59.25 1.48087e-45
59.5 3.15544e-45
59.75 1.35199e-44
60 2.07121e-43
60.25 8.33352e-45
60.5 2.53824e-45
60.75 1.28037e-45
61 8.2186e-46
61.25 5.99347e-46
61.5 4.67473e-46
61.75 4.00797e-46
62 3.62901e-46
62.25 3.42197e-46
62.5 3.30353e-46
62.75 3.22915e-46
63 3.18262e-46
63.25 3.1535e-46
63.5 3.13369e-46
63.75 3.12208e-46
64 3.1157e-46
64.25 3.10985e-46
64.5 3.10685e-46
64.75 3.10598e-46
65 3.10539e-46
65.25 3.10698e-46
65.5 3.10695e-46
65.75 3.10634e-46
66 3.10357e-46
66.25 3.10142e-46
66.5 3.09862e-46
66.75 3.09609e-46
67 3.09187e-46
67.25 3.08787e-46
67.5 3.08338e-46
67.75 3.07739e-46
68 3.07046e-46
68.25 3.06197e-46
68.5 3.05234e-46
68.75 3.04303e-46
69 3.03193e-46
69.25 3.01887e-46
69.5 3.00536e-46
69.75 2.99133e-46
70 2.97631e-46
70.25 2.96083e-46
70.5 2.94565e-46
70.75 2.92998e-46
71 2.91357e-46
71.25 2.89577e-46
71.5 2.87874e-46
71.75 2.85966e-46
72 2.84065e-46
72.25 2.82156e-46
72.5 2.80187e-46
72.75 2.78183e-46
73 2.76097e-46
73.25 2.74012e-46
73.5 2.71831e-46
73.75 2.69626e-46
74 2.6742e-46
74.25 2.6517e-46
74.5 2.62951e-46
74.75 2.60639e-46
75 2.58283e-46
75.25 2.5595e-46
75.5 2.53602e-46
75.75 2.51201e-46
76 2.48835e-46
76.25 2.46393e-46
76.5 2.43995e-46
76.75 2.41592e-46
77 2.39159e-46
77.25 2.36772e-46
77.5 2.34304e-46
77.75 2.31784e-46
78 2.29344e-46
78.25 2.26882e-46
78.5 2.24435e-46
78.75 2.22045e-46
79 2.19619e-46
79.25 2.17179e-46
79.5 2.14799e-46
79.75 2.1245e-46
80 2.1006e-46
80.25 2.0763e-46
80.5 2.05255e-46
80.75 2.02937e-46
81 2.00605e-46
81.25 1.98293e-46
81.5 1.95992e-46
81.75 1.93632e-46
82 1.91374e-46
82.25 1.89157e-46
82.5 1.86965e-46
82.75 1.84756e-46
83 1.82577e-46
83.25 1.80482e-46
83.5 1.78415e-46
83.75 1.76369e-46
84 1.74331e-46
84.25 1.72338e-46
84.5 1.70366e-46
84.75 1.68373e-46
85 1.66498e-46
85.25 1.64602e-46
85.5 1.6283e-46
85.75 1.61013e-46
86 1.59275e-46
86.25 1.57566e-46
86.5 1.55944e-46
86.75 1.54337e-46
87 1.5275e-46
87.25 1.5119e-46
87.5 1.49679e-46
87.75 1.48116e-46
88 1.46609e-46
88.25 1.45126e-46
88.5 1.43651e-46
88.75 1.42152e-46
89 1.4069e-46
89.25 1.39247e-46
89.5 1.3783e-46
89.75 1.36402e-46
90 1.34984e-46
90.25 1.33619e-46
90.5 1.32288e-46
90.75 1.30942e-46
91 1.29641e-46
91.25 1.28306e-46
91.5 1.27034e-46
91.75 1.25793e-46
92 1.2459e-46
92.25 1.23384e-46
92.5 1.22197e-46
92.75 1.21044e-46
93 1.19945e-46
93.25 1.18863e-46
93.5 1.17823e-46
93.75 1.16811e-46
94 1.15832e-46
94.25 1.14896e-46
94.5 1.13961e-46
94.75 1.13039e-46
95 1.12136e-46
95.25 1.11248e-46
95.5 1.10409e-46
95.75 1.0959e-46
96 1.08764e-46
96.25 1.07964e-46
96.5 1.07167e-46
96.75 1.06414e-46
97 1.05676e-46
97.25 1.04957e-46
97.5 1.0425e-46
97.75 1.0357e-46
98 1.02878e-46
98.25 1.02232e-46
98.5 1.01595e-46
98.75 1.00964e-46
99 1.00355e-46
99.25 9.97594e-47
99.5 9.91598e-47
99.75 9.85823e-47
100 9.80216e-47
100.25 9.74685e-47
100.5 9.69316e-47
100.75 9.6417e-47
101 9.59098e-47
101.25 9.54171e-47
101.5 9.49423e-47
101.75 9.4481e-47
102 9.40331e-47
102.25 9.3596e-47
102.5 9.31642e-47
102.75 9.27309e-47
103 9.23209e-47
103.25 9.19222e-47
103.5 9.15321e-47
103.75 9.1147e-47
104 9.07708e-47
104.25 9.0407e-47
104.5 9.0049e-47
104.75 8.96981e-47
105 8.93601e-47
105.25 8.90339e-47
105.5 8.87066e-47
105.75 8.83823e-47
106 8.80678e-47
106.25 8.77529e-47
106.5 8.74764e-47
106.75 8.71892e-47
107 8.69135e-47
107.25 8.66427e-47
107.5 8.63735e-47
107.75 8.61116e-47
108 8.58656e-47
108.25 8.56302e-47
108.5 8.53903e-47
108.75 8.5164e-47
109 8.49283e-47
109.25 8.47058e-47
109.5 8.44816e-47
109.75 8.42896e-47
110 8.40724e-47
110.25 8.38636e-47
110.5 8.36609e-47
110.75 8.34724e-47
111 8.32858e-47
111.25 8.31028e-47
111.5 8.2922e-47
111.75 8.27503e-47
112 8.25724e-47
112.25 8.24012e-47
112.5 8.22337e-47
112.75 8.20767e-47
113 8.19193e-47
113.25 8.1772e-47
113.5 8.1629e-47
113.75 8.14874e-47
114 8.13395e-47
114.25 8.11965e-47
114.5 8.10597e-47
114.75 8.0923e-47
115 8.07965e-47
115.25 8.06693e-47
115.5 8.05364e-47
115.75 8.04105e-47
116 8.0286e-47
116.25 8.01682e-47
116.5 8.00485e-47
116.75 7.99387e-47
117 7.98298e-47
117.25 7.97211e-47
117.5 7.96104e-47
117.75 7.9509e-47
118 7.94044e-47
118.25 7.93033e-47
118.5 7.92001e-47
118.75 7.9103e-47
119 7.90006e-47
119.25 7.89082e-47
119.5 7.88182e-47
119.75 7.86918e-47
120 7.85989e-47
120.25 7.84952e-47
120.5 7.83868e-47
120.75 7.82837e-47
121 7.81907e-47
121.25 7.8099e-47
121.5 7.79969e-47
121.75 7.79001e-47
122 7.77958e-47
122.25 7.76892e-47
122.5 7.75929e-47
122.75 7.75048e-47
123 7.74154e-47
123.25 7.73193e-47
123.5 7.72317e-47
123.75 7.7137e-47
124 7.70651e-47
124.25 7.69796e-47
124.5 7.69001e-47
124.75 7.68213e-47
125 7.67167e-47
125.25 7.66248e-47
125.5 7.65372e-47
125.75 7.64485e-47
126 7.63689e-47
126.25 7.62871e-47
126.5 7.61988e-47
126.75 7.61095e-47
127 7.60244e-47
127.25 7.59485e-47
127.5 7.58732e-47
127.75 7.57911e-47
128 7.57108e-47
128.25 7.56241e-47
128.5 7.55479e-47
128.75 7.54763e-47
129 7.53948e-47
129.25 7.53094e-47
129.5 7.52314e-47
129.75 7.51572e-47
130 7.50778e-47
130.25 7.50011e-47
130.5 7.49184e-47
130.75 7.48443e-47
131 7.47708e-47
131.25 7.47002e-47
131.5 7.46246e-47
131.75 7.45595e-47
132 7.44952e-47
132.25 7.44253e-47
132.5 7.43473e-47
132.75 7.42667e-47
133 7.41986e-47
133.25 7.41271e-47
133.5 7.40574e-47
133.75 7.39932e-47
134 7.39158e-47
134.25 7.38471e-47
134.5 7.3769e-47
134.75 7.36923e-47
135 7.3626e-47
135.25 7.35526e-47
135.5 7.34877e-47
135.75 7.34256e-47
136 7.33539e-47
136.25 7.32861e-47
136.5 7.32122e-47
136.75 7.31414e-47
137 7.30694e-47
137.25 7.30009e-47
137.5 7.2937e-47
137.75 7.28725e-47
138 7.28119e-47
138.25 7.27466e-47
138.5 7.26845e-47
138.75 7.26201e-47
139 7.25545e-47
139.25 7.24963e-47
139.5 7.24321e-47
139.75 7.23673e-47
140 7.2303e-47
140.25 7.2242e-47
140.5 7.21773e-47
140.75 7.21202e-47
141 7.20601e-47
141.25 7.19968e-47
141.5 7.19363e-47
141.75 7.18798e-47
142 7.18175e-47
142.25 7.17539e-47
142.5 7.16965e-47
142.75 7.16369e-47
143 7.15799e-47
143.25 7.15224e-47
143.5 7.14643e-47
143.75 7.13981e-47
144 7.13423e-47
144.25 7.12895e-47
144.5 7.12333e-47
144.75 7.11832e-47
145 7.11208e-47
145.25 7.10642e-47
145.5 7.10051e-47
145.75 7.09478e-47
146 7.08937e-47
146.25 7.08409e-47
146.5 7.07853e-47
146.75 7.07326e-47
147 7.06745e-47
147.25 7.06256e-47
147.5 7.05682e-47
147.75 7.05148e-47
148 7.04648e-47
148.25 7.04125e-47
148.5 7.0364e-47
148.75 7.03138e-47
149 7.02602e-47
149.25 7.02118e-47
149.5 7.01575e-47
149.75 7.01031e-47
150 7.00506e-47
150.25 7.00094e-47
150.5 6.9962e-47
150.75 6.9915e-47
151 6.98615e-47
151.25 6.98193e-47
151.5 6.97638e-47
151.75 6.97175e-47
152 6.96676e-47
152.25 6.96208e-47
152.5 6.95708e-47
152.75 6.95227e-47
153 6.94754e-47
153.25 6.94284e-47
153.5 6.93886e-47
153.75 6.93429e-47
154 6.9304e-47
154.25 6.9257e-47
154.5 6.9212e-47
154.75 6.917e-47
155 6.91249e-47
155.25 6.90814e-47
155.5 6.90426e-47
155.75 6.90038e-47
156 6.89653e-47
156.25 6.8926e-47
156.5 6.88837e-47
156.75 6.88438e-47
157 6.88037e-47
157.25 6.87615e-47
157.5 6.8719e-47
157.75 6.86802e-47
158 6.86411e-47
158.25 6.86031e-47
158.5 6.85677e-47
158.75 6.85299e-47
159 6.84899e-47
159.25 6.84471e-47
159.5 6.84112e-47
159.75 6.83715e-47
160 6.83362e-47
160.25 6.83003e-47
160.5 6.82656e-47
160.75 6.82257e-47
161 6.81924e-47
161.25 6.81573e-47
161.5 6.81249e-47
161.75 6.80932e-47
162 6.80615e-47
162.25 6.80303e-47
162.5 6.7995e-47
162.75 6.79635e-47
163 6.7929e-47
163.25 6.78976e-47
163.5 6.78638e-47
163.75 6.78329e-47
164 6.78e-47
164.25 6.77697e-47
164.5 6.77378e-47
164.75 6.77068e-47
165 6.76823e-47
165.25 6.7657e-47
165.5 6.763e-47
165.75 6.76063e-47
166 6.7582e-47
166.25 6.75558e-47
166.5 6.75278e-47
166.75 6.74995e-47
167 6.74779e-47
167.25 6.74537e-47
167.5 6.74336e-47
167.75 6.74105e-47
168 6.7395e-47
168.25 6.73699e-47
168.5 6.73518e-47
168.75 6.73347e-47
169 6.73185e-47
169.25 6.73063e-47
169.5 6.72911e-47
169.75 6.72805e-47
170 6.72769e-47
170.25 6.72774e-47
170.5 6.72805e-47
170.75 6.72945e-47
171 6.73029e-47
171.25 6.73214e-47
171.5 6.73527e-47
171.75 6.73872e-47
172 6.74249e-47
172.25 6.74705e-47
172.5 6.75423e-47
172.75 6.76224e-47
173 6.77219e-47
173.25 6.78533e-47
173.5 6.8013e-47
173.75 6.81806e-47
174 6.8388e-47
174.25 6.86435e-47
174.5 6.89676e-47
174.75 6.93478e-47
175 6.97876e-47
175.25 7.03159e-47
175.5 7.09673e-47
175.75 7.17671e-47
176 7.27834e-47
176.25 7.41258e-47
176.5 7.60304e-47
176.75 7.88643e-47
177 8.30703e-47
177.25 8.91879e-47
177.5 9.78631e-47
177.75 1.10664e-46
178 1.29245e-46
178.25 1.57291e-46
178.5 2.03642e-46
178.75 2.84167e-46
179 4.35527e-46
179.25 7.60243e-46
179.5 1.72941e-45
179.75 8.23964e-45
180 9.13948e-44
180.25 4.02345e-45
180.5 1.24348e-45
180.75 6.13683e-46
181 3.6927e-46
181.25 2.48658e-46
181.5 1.83127e-46
181.75 1.44788e-46
182 1.21023e-46
182.25 1.04611e-46
182.5 9.35753e-47
182.75 8.58886e-47
183 8.05682e-47
183.25 7.69825e-47
183.5 7.461e-47
183.75 7.30084e-47
184 7.17921e-47
184.25 7.0826e-47
184.5 7.0116e-47
184.75 6.94728e-47
185 6.89674e-47
185.25 6.85444e-47
185.5 6.81599e-47
185.75 6.78454e-47
186 6.75817e-47
186.25 6.73538e-47
186.5 6.71711e-47
186.75 6.7001e-47
187 6.68702e-47
187.25 6.67573e-47
187.5 6.66554e-47
187.75 6.65566e-47
188 6.64856e-47
188.25 6.64274e-47
188.5 6.63692e-47
188.75 6.63222e-47
189 6.6284e-47
189.25 6.62504e-47
189.5 6.62189e-47
189.75 6.61928e-47
190 6.61689e-47
190.25 6.61475e-47
190.5 6.61221e-47
190.75 6.60997e-47
191 6.60867e-47
191.25 6.60715e-47
191.5 6.60572e-47
191.75 6.60441e-47
192 6.60331e-47
192.25 6.60289e-47
192.5 6.60242e-47
192.75 6.60189e-47
193 6.60151e-47
193.25 6.60069e-47
193.5 6.60039e-47
193.75 6.59973e-47
194 6.59953e-47
194.25 6.59893e-47
194.5 6.59901e-47
194.75 6.59899e-47
195 6.59907e-47
195.25 6.59873e-47
195.5 6.59914e-47
195.75 6.59865e-47
196 6.59845e-47
196.25 6.59833e-47
196.5 6.59818e-47
196.75 6.59795e-47
197 6.59824e-47
197.25 6.59849e-47
197.5 6.59849e-47
197.75 6.59863e-47
198 6.59897e-47
198.25 6.59914e-47
198.5 6.59948e-47
198.75 6.59986e-47
199 6.60061e-47
199.25 6.60098e-47
199.5 6.60132e-47
199.75 6.60214e-47
200 6.60248e-47
200.25 6.60262e-47
200.5 6.60298e-47
200.75 6.60349e-47
201 6.60406e-47
201.25 6.60472e-47
201.5 6.60503e-47
201.75 6.6056e-47
202 6.60643e-47
202.25 6.60697e-47
202.5 6.60782e-47
202.75 6.60841e-47
203 6.60915e-47
203.25 6.61004e-47
203.5 6.61026e-47
203.75 6.61067e-47
204 6.61169e-47
204.25 6.61243e-47
204.5 6.61304e-47
204.75 6.6137e-47
205 6.61441e-47
205.25 6.61507e-47
205.5 6.61585e-47
205.75 6.61664e-47
206 6.61769e-47
206.25 6.61861e-47
206.5 6.61894e-47
206.75 6.61939e-47
207 6.62068e-47
207.25 6.6218e-47
207.5 6.6226e-47
207.75 6.62393e-47
208 6.6255e-47
208.25 6.62624e-47
208.5 6.62788e-47
208.75 6.62935e-47
209 6.63058e-47
209.25 6.63158e-47
209.5 6.63289e-47
209.75 6.63456e-47
210 6.63595e-47
210.25 6.63767e-47
210.5 6.63902e-47
210.75 6.64061e-47
211 6.64199e-47
211.25 6.64291e-47
211.5 6.64466e-47
211.75 6.64628e-47
212 6.64689e-47
212.25 6.64823e-47
212.5 6.64981e-47
212.75 6.6511e-47
213 6.65225e-47
213.25 6.6535e-47
213.5 6.65497e-47
213.75 6.65648e-47
214 6.65824e-47
214.25 6.66009e-47
214.5 6.66151e-47
214.75 6.66319e-47
215 6.66499e-47
215.25 6.66607e-47
215.5 6.66818e-47
215.75 6.66961e-47
216 6.67143e-47
216.25 6.67296e-47
216.5 6.6747e-47
216.75 6.67646e-47
217 6.67835e-47
217.25 6.68006e-47
217.5 6.68188e-47
217.75 6.68344e-47
218 6.68517e-47
218.25 6.6866e-47
218.5 6.68837e-47
218.75 6.68985e-47
219 6.69193e-47
219.25 6.69376e-47
219.5 6.69573e-47
219.75 6.69732e-47
220 6.69929e-47
220.25 6.70118e-47
220.5 6.70357e-47
220.75 6.705e-47
221 6.70675e-47
221.25 6.70891e-47
221.5 6.71103e-47
221.75 6.7129e-47
222 6.71479e-47
222.25 6.71727e-47
222.5 6.71952e-47
222.75 6.72166e-47
223 6.72327e-47
223.25 6.72495e-47
223.5 6.7273e-47
223.75 6.72941e-47
224 6.73145e-47
224.25 6.73325e-47
224.5 6.7352e-47
224.75 6.73702e-47
225 6.73922e-47
225.25 6.74122e-47
225.5 6.74286e-47
225.75 6.74523e-47
226 6.7476e-47
226.25 6.75032e-47
226.5 6.75266e-47
226.75 6.75463e-47
227 6.75642e-47
227.25 6.75848e-47
227.5 6.76055e-47
227.75 6.76287e-47
228 6.76517e-47
228.25 6.76713e-47
228.5 6.76975e-47
228.75 6.7717e-47
229 6.77381e-47
229.25 6.77647e-47
229.5 6.77876e-47
229.75 6.78118e-47
230 6.78352e-47
230.25 6.78587e-47
230.5 6.78814e-47
230.75 6.79099e-47
231 6.79276e-47
231.25 6.7951e-47
231.5 6.79785e-47
231.75 6.80025e-47
232 6.80248e-47
232.25 6.80462e-47
232.5 6.80734e-47
232.75 6.80968e-47
233 6.81194e-47
233.25 6.8144e-47
233.5 6.81736e-47
233.75 6.81918e-47
234 6.82155e-47
234.25 6.82402e-47
234.5 6.8266e-47
234.75 6.82905e-47
235 6.83197e-47
235.25 6.83439e-47
235.5 6.83672e-47
235.75 6.8397e-47
236 6.84216e-47
236.25 6.845e-47
236.5 6.84747e-47
236.75 6.85036e-47
237 6.85299e-47
237.25 6.85572e-47
237.5 6.85856e-47
237.75 6.86145e-47
238 6.86392e-47
238.25 6.86624e-47
238.5 6.86931e-47
238.75 6.87199e-47
239 6.87524e-47
239.25 6.87794e-47
239.5 6.88087e-47
239.75 6.88347e-47
240 6.88654e-47
240.25 6.88904e-47
240.5 6.89164e-47
240.75 6.89446e-47
241 6.89704e-47
241.25 6.89974e-47
241.5 6.90245e-47
241.75 6.90529e-47
242 6.90861e-47
242.25 6.91175e-47
242.5 6.9148e-47
242.75 6.91834e-47
243 6.92145e-47
243.25 6.92497e-47
243.5 6.92806e-47
243.75 6.93128e-47
244 6.93461e-47
244.25 6.93801e-47
244.5 6.94104e-47
244.75 6.94411e-47
245 6.94709e-47
245.25 6.95071e-47
245.5 6.95383e-47
245.75 6.95603e-47
246 6.95965e-47
246.25 6.96279e-47
246.5 6.96553e-47
246.75 6.96826e-47
247 6.97198e-47
247.25 6.97541e-47
247.5 6.97796e-47
247.75 6.98071e-47
248 6.98394e-47
248.25 6.98746e-47
248.5 6.99039e-47
248.75 6.99388e-47
249 6.99728e-47
249.25 7.00028e-47
249.5 7.00383e-47
249.75 7.00696e-47
250 7.0106e-47
250.25 7.01411e-47
250.5 7.0179e-47
250.75 7.02082e-47
251 7.02406e-47
251.25 7.02741e-47
251.5 7.03112e-47
251.75 7.03403e-47
252 7.03709e-47
252.25 7.04036e-47
252.5 7.04382e-47
252.75 7.04663e-47
253 7.04958e-47
253.25 7.05347e-47
253.5 7.05691e-47
253.75 7.06011e-47
254 7.0639e-47
254.25 7.06743e-47
254.5 7.07093e-47
254.75 7.07429e-47
255 7.07764e-47
255.25 7.0813e-47
255.5 7.08487e-47
255.75 7.08851e-47
256 7.09213e-47
256.25 7.09561e-47
256.5 7.09967e-47
256.75 7.10324e-47
257 7.10664e-47
257.25 7.10989e-47
257.5 7.11403e-47
257.75 7.11754e-47
258 7.12095e-47
258.25 7.12499e-47
258.5 7.12902e-47
258.75 7.13326e-47
259 7.13708e-47
259.25 7.14091e-47
259.5 7.14359e-47
259.75 7.14778e-47
260 7.15186e-47
260.25 7.15564e-47
260.5 7.15933e-47
260.75 7.16319e-47
261 7.16712e-47
261.25 7.17087e-47
261.5 7.17495e-47
261.75 7.17848e-47
262 7.18208e-47
262.25 7.18545e-47
262.5 7.18896e-47
262.75 7.19249e-47
263 7.19642e-47
263.25 7.20034e-47
263.5 7.2037e-47
263.75 7.20735e-47
264 7.21111e-47
264.25 7.21464e-47
264.5 7.21839e-47
264.75 7.22221e-47
265 7.22595e-47
265.25 7.22932e-47
265.5 7.23361e-47
265.75 7.2374e-47
266 7.24128e-47
266.25 7.24521e-47
266.5 7.24942e-47
266.75 7.25345e-47
267 7.25774e-47
267.25 7.26149e-47
267.5 7.2655e-47
267.75 7.26939e-47
268 7.27318e-47
268.25 7.27653e-47
268.5 7.2808e-47
268.75 7.28495e-47
269 7.289e-47
269.25 7.29306e-47
269.5 7.2967e-47
269.75 7.30111e-47
270 7.30479e-47
270.25 7.30863e-47
270.5 7.31358e-47
270.75 7.31753e-47
271 7.32149e-47
271.25 7.32474e-47
271.5 7.32869e-47
271.75 7.33271e-47
272 7.33775e-47
272.25 7.34153e-47
272.5 7.34556e-47
272.75 7.34983e-47
273 7.3537e-47
273.25 7.35792e-47
273.5 7.36168e-47
273.75 7.366e-47
274 7.37007e-47
274.25 7.3744e-47
274.5 7.37879e-47
274.75 7.38319e-47
275 7.38732e-47
275.25 7.39136e-47
275.5 7.39539e-47
275.75 7.39946e-47
276 7.40365e-47
276.25 7.4082e-47
276.5 7.41225e-47
276.75 7.41637e-47
277 7.42038e-47
277.25 7.42481e-47
277.5 7.42897e-47
277.75 7.43352e-47
278 7.43828e-47
278.25 7.44265e-47
278.5 7.4467e-47
278.75 7.45133e-47
279 7.45539e-47
279.25 7.45971e-47
279.5 7.46391e-47
279.75 7.46782e-47
280 7.47187e-47
280.25 7.47646e-47
280.5 7.48129e-47
280.75 7.48525e-47
281 7.48984e-47
281.25 7.49413e-47
281.5 7.4986e-47
281.75 7.50329e-47
282 7.50752e-47
282.25 7.51177e-47
282.5 7.51634e-47
282.75 7.52085e-47
283 7.52536e-47
283.25 7.52939e-47
283.5 7.5344e-47
283.75 7.53879e-47
284 7.543e-47
284.25 7.54786e-47
284.5 7.5526e-47
284.75 7.55704e-47
285 7.56236e-47
285.25 7.56649e-47
285.5 7.57097e-47
285.75 7.57479e-47
286 7.57932e-47
286.25 7.58373e-47
286.5 7.58844e-47
286.75 7.59325e-47
287 7.59759e-47
287.25 7.60252e-47
287.5 7.60753e-47
287.75 7.61201e-47
288 7.61675e-47
288.25 7.6215e-47
288.5 7.62613e-47
288.75 7.63067e-47
289 7.63542e-47
289.25 7.6401e-47
289.5 7.64436e-47
289.75 7.64897e-47
290 7.65477e-47
290.25 7.65972e-47
290.5 7.66418e-47
290.75 7.66929e-47
291 7.67422e-47
291.25 7.67965e-47
291.5 7.68502e-47
291.75 7.69086e-47
292 7.69645e-47
292.25 7.70211e-47
292.5 7.70722e-47
292.75 7.71296e-47
293 7.71846e-47
293.25 7.72449e-47
293.5 7.73062e-47
293.75 7.73693e-47
294 7.74312e-47
294.25 7.75015e-47
294.5 7.75677e-47
294.75 7.76388e-47
295 7.77213e-47
295.25 7.77866e-47
295.5 7.78588e-47
295.75 7.79489e-47
296 7.80382e-47
296.25 7.81373e-47
296.5 7.82358e-47
296.75 7.83365e-47
297 7.84536e-47
297.25 7.8582e-47
297.5 7.87268e-47
297.75 7.88939e-47
298 7.90707e-47
298.25 7.92992e-47
298.5 7.95496e-47
298.75 7.98705e-47
299 8.03073e-47
299.25 8.09339e-47
299.5 8.18796e-47
299.75 8.40598e-47
300 3.66698e-45
300.25 8.48352e-47
300.5 8.30635e-47
300.75 8.27215e-47
301 8.27578e-47
301.25 8.29735e-47
301.5 8.33405e-47
301.75 8.38215e-47
302 8.43832e-47
302.25 8.50695e-47
302.5 8.58963e-47
302.75 8.68767e-47
303 8.80328e-47
303.25 8.94807e-47
303.5 9.13042e-47
303.75 9.37725e-47
304 9.70794e-47
304.25 1.01731e-46
304.5 1.08461e-46
304.75 1.18875e-46
305 1.36064e-46
305.25 1.66838e-46
305.5 2.29815e-46
305.75 3.88868e-46
306 9.88024e-46
306.25 4.44958e-45
306.5 1.19209e-45
306.75 4.39638e-46
307 2.44688e-46
307.25 1.74845e-46
307.5 1.41602e-46
307.75 1.21875e-46
308 1.10332e-46
308.25 1.03196e-46
308.5 9.86928e-47
308.75 9.53481e-47
309 9.29224e-47
309.25 9.11877e-47
309.5 8.97334e-47
309.75 8.86934e-47
310 8.7732e-47
310.25 8.69358e-47
310.5 8.62462e-47
310.75 8.56894e-47
311 8.52106e-47
311.25 8.48216e-47
311.5 8.45003e-47
311.75 8.42466e-47
312 8.40543e-47
312.25 8.39189e-47
312.5 8.38104e-47
312.75 8.36935e-47
313 8.36297e-47
313.25 8.36448e-47
313.5 8.37644e-47
313.75 8.40032e-47
314 8.43617e-47
314.25 8.49059e-47
314.5 8.57883e-47
314.75 8.67813e-47
315 8.70971e-47
315.25 8.6835e-47
315.5 8.60684e-47
315.75 8.50001e-47
316 8.42136e-47
316.25 8.36775e-47
316.5 8.32667e-47
316.75 8.29457e-47
317 8.27103e-47
317.25 8.25176e-47
317.5 8.2386e-47
317.75 8.22872e-47
318 8.22029e-47
318.25 8.21561e-47
318.5 8.21153e-47
318.75 8.20969e-47
319 8.20686e-47
319.25 8.20578e-47
319.5 8.20682e-47
319.75 8.20765e-47
320 8.20852e-47
320.25 8.20967e-47
320.5 8.21157e-47
320.75 8.21342e-47
321 8.21667e-47
321.25 8.21916e-47
321.5 8.22155e-47
321.75 8.22455e-47
322 8.22644e-47
322.25 8.22962e-47
322.5 8.23313e-47
322.75 8.23755e-47
323 8.24153e-47
323.25 8.2468e-47
323.5 8.25358e-47
323.75 8.25952e-47
324 8.26747e-47
324.25 8.2757e-47
324.5 8.28585e-47
324.75 8.29765e-47
325 8.31303e-47
325.25 8.33013e-47
325.5 8.35444e-47
325.75 8.38394e-47
326 8.4226e-47
326.25 8.47272e-47
326.5 8.53497e-47
326.75 8.62015e-47
327 8.74194e-47
327.25 8.90767e-47
327.5 9.14965e-47
327.75 9.48805e-47
328 1.00028e-46
328.25 1.08198e-46
328.5 1.21284e-46
328.75 1.42602e-46
329 1.77987e-46
329.25 2.37871e-46
329.5 3.41819e-46
329.75 5.30428e-46
330 8.87222e-46
330.25 1.60019e-45
330.5 3.07679e-45
330.75 6.43032e-45
331 1.98192e-44
331.25 3.51563e-43
331.5 7.43292e-44
331.75 1.21669e-44
332 4.80014e-45
332.25 2.3895e-45
332.5 1.26365e-45
332.75 7.182e-46
333 4.42366e-46
333.25 2.94174e-46
333.5 2.11315e-46
333.75 1.6297e-46
334 1.33558e-46
334.25 1.15956e-46
334.5 1.0525e-46
334.75 9.84648e-47
335 9.4263e-47
335.25 9.1363e-47
335.5 8.94053e-47
335.75 8.80547e-47
336 8.7099e-47
336.25 8.63989e-47
336.5 8.59036e-47
336.75 8.55328e-47
337 8.52614e-47
337.25 8.50921e-47
337.5 8.49378e-47
337.75 8.48628e-47
338 8.47941e-47
338.25 8.47583e-47
338.5 8.4717e-47
338.75 8.46962e-47
339 8.46918e-47
339.25 8.46955e-47
339.5 8.47133e-47
339.75 8.47217e-47
340 8.47422e-47
340.25 8.47621e-47
340.5 8.47891e-47
340.75 8.48162e-47
341 8.48455e-47
341.25 8.4877e-47
341.5 8.49059e-47
341.75 8.49315e-47
342 8.49637e-47
342.25 8.4997e-47
342.5 8.50272e-47
342.75 8.5059e-47
343 8.50921e-47
343.25 8.51223e-47
343.5 8.51507e-47
343.75 8.51795e-47
344 8.52147e-47
344.25 8.52448e-47
344.5 8.52812e-47
344.75 8.53133e-47
345 8.53405e-47
345.25 8.5373e-47
345.5 8.54014e-47
345.75 8.54385e-47
346 8.54682e-47
346.25 8.5498e-47
346.5 8.55295e-47
346.75 8.55638e-47
347 8.55995e-47
347.25 8.56342e-47
347.5 8.56632e-47
347.75 8.56989e-47
348 8.57182e-47
348.25 8.5746e-47
348.5 8.57739e-47
348.75 8.57989e-47
349 8.58289e-47
349.25 8.58584e-47
349.5 8.58864e-47
349.75 8.59166e-47
350 8.59423e-47
350.25 8.59696e-47
350.5 8.59973e-47
350.75 8.60266e-47
351 8.6055e-47
351.25 8.60877e-47
351.5 8.6115e-47
351.75 8.6148e-47
352 8.61764e-47
352.25 8.62058e-47
352.5 8.62366e-47
352.75 8.62659e-47
353 8.62938e-47
353.25 8.63209e-47
353.5 8.6357e-47
353.75 8.63821e-47
354 8.64071e-47
354.25 8.6435e-47
354.5 8.64621e-47
354.75 8.64923e-47
355 8.65221e-47
355.25 8.65573e-47
355.5 8.65855e-47
355.75 8.66127e-47
356 8.66406e-47
356.25 8.66633e-47
356.5 8.6689e-47
356.75 8.67155e-47
357 8.67492e-47
357.25 8.67732e-47
357.5 8.67938e-47
357.75 8.6822e-47
358 8.68492e-47
358.25 8.68694e-47
358.5 8.68935e-47
358.75 8.69248e-47
359 8.69502e-47
359.25 8.69676e-47
359.5 8.69914e-47
359.75 8.70119e-47
360 8.70355e-47
360.25 8.70644e-47
360.5 8.7089e-47
360.75 8.71204e-47
361 8.71507e-47
361.25 8.71838e-47
361.5 8.72079e-47
361.75 8.72325e-47
362 8.72497e-47
362.25 8.72795e-47
362.5 8.73097e-47
362.75 8.73388e-47
363 8.73505e-47
363.25 8.73775e-47
363.5 8.74041e-47
363.75 8.74272e-47
364 8.74544e-47
364.25 8.74724e-47
364.5 8.7489e-47
364.75 8.75039e-47
365 8.75198e-47
365.25 8.7541e-47
365.5 8.75634e-47
365.75 8.75752e-47
366 8.75952e-47
366.25 8.7619e-47
366.5 8.76342e-47
366.75 8.76584e-47
367 8.76747e-47
367.25 8.76909e-47
367.5 8.77071e-47
367.75 8.77304e-47
368 8.77576e-47
368.25 8.77851e-47
368.5 8.78016e-47
368.75 8.78255e-47
369 8.78448e-47
369.25 8.7859e-47
369.5 8.78858e-47
369.75 8.79093e-47
370 8.79276e-47
370.25 8.79542e-47
370.5 8.79825e-47
370.75 8.79992e-47
371 8.80215e-47
371.25 8.80289e-47
371.5 8.80522e-47
371.75 8.80729e-47
372 8.80995e-47
372.25 8.81152e-47
372.5 8.81311e-47
372.75 8.81429e-47
373 8.81623e-47
373.25 8.81876e-47
373.5 8.8207e-47
373.75 8.82318e-47
374 8.825e-47
374.25 8.82727e-47
374.5 8.82995e-47
374.75 8.83162e-47
375 8.83396e-47
375.25 8.83625e-47
375.5 8.83784e-47
375.75 8.83987e-47
376 8.84174e-47
376.25 8.84326e-47
376.5 8.84557e-47
376.75 8.84763e-47
377 8.84957e-47
377.25 8.85161e-47
377.5 8.85318e-47
377.75 8.85419e-47
378 8.85613e-47
378.25 8.8582e-47
378.5 8.86013e-47
378.75 8.86198e-47
379 8.86314e-47
379.25 8.86425e-47
379.5 8.86566e-47
379.75 8.86657e-47
380 8.86915e-47
380.25 8.87112e-47
380.5 8.87266e-47
380.75 8.87415e-47
381 8.87664e-47
381.25 8.87784e-47
381.5 8.87959e-47
381.75 8.88112e-47
382 8.88255e-47
382.25 8.88311e-47
382.5 8.88465e-47
382.75 8.88623e-47
383 8.88775e-47
383.25 8.8896e-47
383.5 8.89148e-47
383.75 8.89329e-47
384 8.89484e-47
384.25 8.89614e-47
384.5 8.89704e-47
384.75 8.89951e-47
385 8.90101e-47
385.25 8.90221e-47
385.5 8.90392e-47
385.75 8.90459e-47
386 8.90576e-47
386.25 8.9071e-47
386.5 8.90849e-47
386.75 8.91025e-47
387 8.91257e-47
387.25 8.91364e-47
387.5 8.91566e-47
387.75 8.91715e-47
388 8.91878e-47
388.25 8.92085e-47
388.5 8.92219e-47
388.75 8.92347e-47
389 8.92475e-47
389.25 8.92734e-47
389.5 8.92913e-47
389.75 8.93063e-47
390 8.93255e-47
390.25 8.93407e-47
390.5 8.93568e-47
390.75 8.93694e-47
391 8.93878e-47
391.25 8.94028e-47
391.5 8.94255e-47
391.75 8.94438e-47
392 8.94607e-47
392.25 8.94774e-47
392.5 8.94924e-47
392.75 8.95089e-47
393 8.95171e-47
393.25 8.95367e-47
393.5 8.95422e-47
393.75 8.95562e-47
394 8.95724e-47
394.25 8.95952e-47
394.5 8.96087e-47
394.75 8.96258e-47
395 8.96508e-47
395.25 8.96626e-47
395.5 8.9683e-47
395.75 8.96994e-47
396 8.97195e-47
396.25 8.97462e-47
396.5 8.97677e-47
396.75 8.9789e-47
397 8.98095e-47
397.25 8.98246e-47
397.5 8.98438e-47
397.75 8.98675e-47
398 8.98848e-47
398.25 8.98988e-47
398.5 8.99226e-47
398.75 8.99389e-47
399 8.99576e-47
399.25 8.99834e-47
399.5 8.99953e-47
399.75 9.00092e-47
400 9.00212e-47
400.25 9.00405e-47
400.5 9.00664e-47
400.75 9.00807e-47
401 9.00944e-47
401.25 9.01169e-47
401.5 9.01353e-47
401.75 9.01487e-47
402 9.01674e-47
402.25 9.01872e-47
402.5 9.01988e-47
402.75 9.0218e-47
403 9.0239e-47
403.25 9.02568e-47
403.5 9.02946e-47
403.75 9.03112e-47
404 9.03274e-47
404.25 9.03462e-47
404.5 9.03773e-47
404.75 9.04067e-47
405 9.04277e-47
405.25 9.04468e-47
405.5 9.04719e-47
405.75 9.05047e-47
406 9.05286e-47
406.25 9.05559e-47
406.5 9.05819e-47
406.75 9.06038e-47
407 9.06291e-47
407.25 9.06574e-47
407.5 9.06787e-47
407.75 9.07079e-47
408 9.07426e-47
408.25 9.07669e-47
408.5 9.08037e-47
408.75 9.08392e-47
409 9.08682e-47
409.25 9.08959e-47
409.5 9.0929e-47
409.75 9.09586e-47
410 9.09898e-47
410.25 9.1022e-47
410.5 9.10486e-47
410.75 9.10859e-47
411 9.11197e-47
411.25 9.11453e-47
411.5 9.11727e-47
411.75 9.12015e-47
412 9.12255e-47
412.25 9.12551e-47
412.5 9.12875e-47
412.75 9.13129e-47
413 9.13456e-47
413.25 9.1378e-47
413.5 9.14096e-47
413.75 9.14479e-47
414 9.14784e-47
414.25 9.15077e-47
414.5 9.15339e-47
414.75 9.15721e-47
415 9.16023e-47
415.25 9.16407e-47
415.5 9.1677e-47
415.75 9.17146e-47
416 9.17522e-47
416.25 9.17823e-47
416.5 9.18109e-47
416.75 9.18469e-47
417 9.18827e-47
417.25 9.19204e-47
417.5 9.19505e-47
417.75 9.19802e-47
418 9.2024e-47
418.25 9.20537e-47
418.5 9.20841e-47
418.75 9.21164e-47
419 9.21539e-47
419.25 9.21941e-47
419.5 9.22326e-47
419.75 9.22739e-47
420 9.23168e-47
420.25 9.23494e-47
420.5 9.23821e-47
420.75 9.24159e-47
421 9.2447e-47
421.25 9.24902e-47
421.5 9.25236e-47
421.75 9.25569e-47
422 9.26028e-47
422.25 9.2643e-47
422.5 9.26835e-47
422.75 9.27198e-47
423 9.27544e-47
423.25 9.27852e-47
423.5 9.28186e-47
423.75 9.28481e-47
424 9.28777e-47
424.25 9.29065e-47
424.5 9.29382e-47
424.75 9.29742e-47
425 9.30067e-47
425.25 9.30468e-47
425.5 9.30831e-47
425.75 9.31279e-47
426 9.31651e-47
426.25 9.32068e-47
426.5 9.32415e-47
426.75 9.32789e-47
427 9.33182e-47
427.25 9.33475e-47
427.5 9.33996e-47
427.75 9.34233e-47
428 9.34548e-47
428.25 9.34836e-47
428.5 9.35294e-47
428.75 9.35596e-47
429 9.36122e-47
429.25 9.36524e-47
429.5 9.36969e-47
429.75 9.37339e-47
430 9.37792e-47
430.25 9.38247e-47
430.5 9.38633e-47
430.75 9.38972e-47
431 9.39252e-47
431.25 9.39544e-47
431.5 9.39915e-47
431.75 9.40335e-47
432 9.40795e-47
432.25 9.41192e-47
432.5 9.41518e-47
432.75 9.41886e-47
433 9.4219e-47
433.25 9.42632e-47
433.5 9.43067e-47
433.75 9.43401e-47
434 9.43776e-47
434.25 9.44295e-47
434.5 9.44571e-47
434.75 9.44928e-47
435 9.45352e-47
435.25 9.45682e-47
435.5 9.46183e-47
435.75 9.46556e-47
436 9.46985e-47
436.25 9.47485e-47
436.5 9.47976e-47
436.75 9.48366e-47
437 9.48755e-47
437.25 9.49185e-47
437.5 9.49667e-47
437.75 9.50078e-47
438 9.50528e-47
438.25 9.50914e-47
438.5 9.51374e-47
438.75 9.5181e-47
439 9.5234e-47
439.25 9.52803e-47
439.5 9.53209e-47
439.75 9.53655e-47
440 9.54153e-47
440.25 9.54569e-47
440.5 9.54908e-47
440.75 9.55484e-47
441 9.55987e-47
441.25 9.56512e-47
441.5 9.57095e-47
441.75 9.57633e-47
442 9.58072e-47
442.25 9.58542e-47
442.5 9.59056e-47
442.75 9.59539e-47
443 9.60197e-47
443.25 9.6088e-47
443.5 9.61309e-47
443.75 9.61811e-47
444 9.62429e-47
444.25 9.63127e-47
444.5 9.63593e-47
444.75 9.64198e-47
445 9.64685e-47
445.25 9.65367e-47
445.5 9.66035e-47
445.75 9.66664e-47
446 9.67149e-47
446.25 9.67817e-47
446.5 9.68339e-47
446.75 9.68945e-47
447 9.69644e-47
447.25 9.70205e-47
447.5 9.70881e-47
447.75 9.7165e-47
448 9.7243e-47
448.25 9.73065e-47
448.5 9.73776e-47
448.75 9.7443e-47
449 9.75253e-47
449.25 9.76077e-47
449.5 9.76844e-47
449.75 9.77643e-47
450 9.7854e-47
450.25 9.79256e-47
450.5 9.80115e-47
450.75 9.81039e-47
451 9.81859e-47
451.25 9.82788e-47
451.5 9.8383e-47
451.75 9.84769e-47
452 9.85602e-47
452.25 9.86554e-47
452.5 9.87373e-47
452.75 9.88463e-47
453 9.8937e-47
453.25 9.90158e-47
453.5 9.91194e-47
453.75 9.92144e-47
454 9.93115e-47
454.25 9.94202e-47
454.5 9.95352e-47
454.75 9.96451e-47
455 9.97596e-47
455.25 9.98765e-47
455.5 1.00008e-46
455.75 1.00119e-46
456 1.00231e-46
456.25 1.00356e-46
456.5 1.0048e-46
456.75 1.00604e-46
457 1.00732e-46
457.25 1.00886e-46
457.5 1.01029e-46
457.75 1.01186e-46
458 1.01337e-46
458.25 1.01485e-46
458.5 1.01651e-46
458.75 1.01812e-46
459 1.01986e-46
459.25 1.02151e-46
459.5 1.02308e-46
459.75 1.02489e-46
460 1.0266e-46
460.25 1.02843e-46
460.5 1.03015e-46
460.75 1.03197e-46
461 1.03388e-46
461.25 1.03589e-46
461.5 1.03775e-46
461.75 1.03963e-46
462 1.04164e-46
462.25 1.04374e-46
462.5 1.04586e-46
462.75 1.04797e-46
463 1.04998e-46
463.25 1.05206e-46
463.5 1.05429e-46
463.75 1.05654e-46
464 1.05898e-46
464.25 1.06123e-46
464.5 1.06357e-46
464.75 1.06592e-46
465 1.06839e-46
465.25 1.07073e-46
465.5 1.0732e-46
465.75 1.07544e-46
466 1.07783e-46
466.25 1.08019e-46
466.5 1.0829e-46
466.75 1.0854e-46
467 1.08812e-46
467.25 1.09074e-46
467.5 1.09331e-46
467.75 1.09602e-46
468 1.09876e-46
468.25 1.10163e-46
468.5 1.10433e-46
468.75 1.10719e-46
469 1.11003e-46
469.25 1.11283e-46
469.5 1.1157e-46
469.75 1.11863e-46
470 1.12146e-46
470.25 1.12438e-46
470.5 1.12737e-46
470.75 1.13011e-46
471 1.13303e-46
471.25 1.13612e-46
471.5 1.13907e-46
471.75 1.142e-46
472 1.14506e-46
472.25 1.14811e-46
472.5 1.1512e-46
472.75 1.15441e-46
473 1.15759e-46
473.25 1.16063e-46
473.5 1.16362e-46
473.75 1.16645e-46
474 1.16943e-46
474.25 1.17245e-46
474.5 1.17531e-46
474.75 1.17832e-46
475 1.1812e-46
475.25 1.18426e-46
475.5 1.1875e-46
475.75 1.19088e-46
476 1.19405e-46
476.25 1.19702e-46
476.5 1.20033e-46
476.75 1.20373e-46
477 1.20698e-46
477.25 1.21019e-46
477.5 1.21384e-46
477.75 1.2172e-46
478 1.2204e-46
478.25 1.2235e-46
478.5 1.22683e-46
478.75 1.22987e-46
479 1.23297e-46
479.25 1.23594e-46
479.5 1.23908e-46
479.75 1.242e-46
480 1.24495e-46
480.25 1.24811e-46
480.5 1.25135e-46
480.75 1.25428e-46
481 1.25716e-46
481.25 1.25986e-46
481.5 1.2625e-46
481.75 1.26515e-46
482 1.26776e-46
482.25 1.26992e-46
482.5 1.27233e-46
482.75 1.27464e-46
483 1.27707e-46
483.25 1.27925e-46
483.5 1.28149e-46
483.75 1.28371e-46
484 1.28599e-46
484.25 1.28779e-46
484.5 1.28965e-46
484.75 1.29162e-46
485 1.29352e-46
485.25 1.29546e-46
485.5 1.29747e-46
485.75 1.29955e-46
486 1.30153e-46
486.25 1.30363e-46
486.5 1.30581e-46
486.75 1.30798e-46
487 1.31045e-46
487.25 1.3132e-46
487.5 1.31599e-46
487.75 1.3192e-46
488 1.32288e-46
488.25 1.32813e-46
488.5 1.33543e-46
488.75 1.34433e-46
489 1.35372e-46
489.25 1.36341e-46
489.5 1.37285e-46
489.75 1.38254e-46
490 1.39309e-46
490.25 1.40658e-46
490.5 1.41887e-46
490.75 1.42498e-46
491 1.41939e-46
491.25 1.39628e-46
491.5 1.34891e-46
491.75 1.27572e-46
492 1.17912e-46
492.25 1.06831e-46
492.5 9.5491e-47
492.75 8.46313e-47
493 7.59569e-47
493.25 7.04849e-47
493.5 6.7701e-47
493.75 6.961e-47
494 7.80841e-47
494.25 9.56482e-47
494.5 1.26302e-46
494.75 1.7618e-46
495 2.54281e-46
495.25 3.76106e-46
495.5 5.66279e-46
495.75 8.65545e-46
496 1.33713e-45
496.25 2.09322e-45
496.5 3.31333e-45
496.75 5.29887e-45
497 8.60719e-45
497.25 1.42394e-44
497.5 2.40813e-44
497.75 4.18856e-44
498 7.55247e-44
498.25 1.4303e-43
498.5 2.89216e-43
498.75 6.3728e-43
499 1.357e-42
499.25 3.71596e-42
499.5 3.05538e-41
499.75 4.09274e-41
500 4.06658e-42
500.25 1.43822e-42
500.5 6.7091e-43
500.75 3.01177e-43
501 1.49218e-43
501.25 8.1382e-44
501.5 5.18359e-44
501.75 4.49939e-44
502 7.2097e-44
502.25 1.9901e-43
502.5 7.53433e-43
502.75 3.85604e-42
503 3.79833e-41
503.25 5.73984e-41
503.5 4.75508e-42
503.75 8.63049e-43
504 2.15758e-43
504.25 6.65187e-44
504.5 2.63183e-44
504.75 1.65611e-44
505 1.6568e-44
505.25 2.15084e-44
505.5 3.19442e-44
505.75 4.9857e-44
506 7.8874e-44
506.25 1.25736e-43
506.5 2.00322e-43
506.75 3.20752e-43
507 5.17078e-43
507.25 8.46468e-43
507.5 1.42387e-42
507.75 2.49254e-42
508 4.68035e-42
508.25 9.91718e-42
508.5 2.53286e-41
508.75 7.60543e-41
509 5.75568e-40
509.25 9.96364e-40
509.5 1.39857e-40
509.75 4.5714e-41
510 2.61081e-41
510.25 2.21593e-41
510.5 2.17655e-41
510.75 2.25375e-41
511 2.34922e-41
511.25 2.418e-41
511.5 2.43605e-41
511.75 2.37171e-41
512 2.23509e-41
512.25 2.0326e-41
512.5 1.78845e-41
512.75 1.52281e-41
513 1.25624e-41
513.25 1.01213e-41
513.5 7.98089e-42
513.75 6.23212e-42
514 4.94488e-42
514.25 4.21981e-42
514.5 4.31354e-42
514.75 6.00249e-42
515 1.16431e-41
515.25 3.00322e-41
515.5 8.08948e-41
515.75 4.96143e-40
516 2.71482e-39
516.25 1.40084e-40
516.5 4.43319e-41
516.75 1.56998e-41
517 6.2156e-42
517.25 2.72277e-42
517.5 1.28904e-42
517.75 6.4252e-43
518 3.34561e-43
518.25 1.79837e-43
518.5 9.95133e-44
518.75 5.65413e-44
519 3.28449e-44
519.25 1.94575e-44
519.5 1.18088e-44
519.75 7.34143e-45
520 4.68221e-45
520.25 3.06058e-45
520.5 2.03892e-45
520.75 1.11817e-45
521 6.6483e-46
521.25 5.24469e-46
521.5 4.39154e-46
521.75 3.77714e-46
522 3.29071e-46
522.25 2.89748e-46
522.5 2.57427e-46
522.75 2.30935e-46
523 2.0898e-46
523.25 1.90777e-46
523.5 1.75865e-46
523.75 1.63309e-46
524 1.52842e-46
524.25 1.44099e-46
524.5 1.36914e-46
524.75 1.30882e-46
525 1.2593e-46
525.25 1.21904e-46
525.5 1.18693e-46
525.75 1.16266e-46
526 1.14448e-46
526.25 1.1321e-46
526.5 1.12538e-46
526.75 1.12252e-46
527 1.1236e-46
527.25 1.12873e-46
527.5 1.13762e-46
527.75 1.15111e-46
528 1.16736e-46
528.25 1.18669e-46
528.5 1.20807e-46
528.75 1.23202e-46
529 1.25762e-46
529.25 1.28523e-46
529.5 1.31394e-46
529.75 1.34397e-46
530 1.37557e-46
530.25 1.40735e-46
530.5 1.43775e-46
530.75 1.46685e-46
531 1.49427e-46
531.25 1.52052e-46
531.5 1.54354e-46
531.75 1.56218e-46
532 1.57693e-46
532.25 1.58791e-46
532.5 1.59584e-46
532.75 1.59923e-46
533 1.60061e-46
533.25 1.59932e-46
533.5 1.59588e-46
533.75 1.5918e-46
534 1.58703e-46
534.25 1.58349e-46
534.5 1.57903e-46
534.75 1.57424e-46
535 1.56964e-46
535.25 1.56469e-46
535.5 1.55907e-46
535.75 1.55252e-46
536 1.54563e-46
536.25 1.53826e-46
536.5 1.53189e-46
536.75 1.52622e-46
537 1.52027e-46
537.25 1.51431e-46
537.5 1.50852e-46
537.75 1.50292e-46
538 1.49757e-46
538.25 1.4921e-46
538.5 1.48651e-46
538.75 1.4816e-46
539 1.47712e-46
539.25 1.47323e-46
539.5 1.47009e-46
539.75 1.46678e-46
540 1.46154e-46
540.25 1.45644e-46
540.5 1.45128e-46
540.75 1.44576e-46
541 1.44107e-46
541.25 1.43626e-46
541.5 1.43231e-46
541.75 1.42805e-46
542 1.42408e-46
542.25 1.42048e-46
542.5 1.41695e-46
542.75 1.41367e-46
543 1.41035e-46
543.25 1.40737e-46
543.5 1.40436e-46
543.75 1.40163e-46
544 1.39882e-46
544.25 1.39604e-46
544.5 1.39326e-46
544.75 1.39058e-46
545 1.38786e-46
545.25 1.38518e-46
545.5 1.38261e-46
545.75 1.37986e-46
546 1.37751e-46
546.25 1.37463e-46
546.5 1.37184e-46
546.75 1.36915e-46
547 1.36653e-46
547.25 1.36388e-46
547.5 1.36139e-46
547.75 1.3589e-46
548 1.35639e-46
548.25 1.3544e-46
548.5 1.35161e-46
548.75 1.34928e-46
549 1.34692e-46
549.25 1.3448e-46
549.5 1.34294e-46
549.75 1.34082e-46
550 1.33858e-46
550.25 1.33651e-46
550.5 1.33475e-46
550.75 1.33268e-46
551 1.33111e-46
551.25 1.32934e-46
551.5 1.32745e-46
551.75 1.32578e-46
552 1.32406e-46
552.25 1.32249e-46
552.5 1.32103e-46
552.75 1.31931e-46
553 1.31777e-46
553.25 1.3162e-46
553.5 1.31467e-46
553.75 1.31302e-46
554 1.31133e-46
554.25 1.30973e-46
554.5 1.30801e-46
554.75 1.30647e-46
555 1.30502e-46
555.25 1.30369e-46
555.5 1.30204e-46
555.75 1.30048e-46
556 1.29884e-46
556.25 1.29715e-46
556.5 1.29582e-46
556.75 1.29446e-46
557 1.2931e-46
557.25 1.29177e-46
557.5 1.29046e-46
557.75 1.28912e-46
558 1.28794e-46
558.25 1.28672e-46
558.5 1.28544e-46
558.75 1.284e-46
559 1.28286e-46
559.25 1.28155e-46
559.5 1.28053e-46
559.75 1.27905e-46
560 1.27782e-46
560.25 1.27656e-46
560.5 1.27552e-46
560.75 1.27451e-46
561 1.27346e-46
561.25 1.2723e-46
561.5 1.27121e-46
561.75 1.27011e-46
562 1.26912e-46
562.25 1.26819e-46
562.5 1.26727e-46
562.75 1.26631e-46
563 1.26532e-46
563.25 1.26431e-46
563.5 1.26336e-46
563.75 1.26268e-46
564 1.26183e-46
564.25 1.26118e-46
564.5 1.26014e-46
564.75 1.25945e-46
565 1.25857e-46
565.25 1.25787e-46
565.5 1.25716e-46
565.75 1.25648e-46
566 1.25594e-46
566.25 1.25514e-46
566.5 1.25436e-46
566.75 1.25356e-46
567 1.25285e-46
567.25 1.25208e-46
567.5 1.25156e-46
567.75 1.251e-46
568 1.25021e-46
568.25 1.2496e-46
568.5 1.24914e-46
568.75 1.24865e-46
569 1.2481e-46
569.25 1.24753e-46
569.5 1.24719e-46
569.75 1.2468e-46
570 1.24636e-46
570.25 1.2459e-46
570.5 1.24576e-46
570.75 1.24537e-46
571 1.24521e-46
571.25 1.24513e-46
571.5 1.24511e-46
571.75 1.24486e-46
572 1.24428e-46
572.25 1.24409e-46
572.5 1.24388e-46
572.75 1.24365e-46
573 1.24348e-46
573.25 1.24345e-46
573.5 1.24339e-46
573.75 1.24336e-46
574 1.2432e-46
574.25 1.24312e-46
574.5 1.24305e-46
574.75 1.24291e-46
575 1.24297e-46
575.25 1.24299e-46
575.5 1.24302e-46
575.75 1.24321e-46
576 1.24326e-46
576.25 1.24343e-46
576.5 1.24348e-46
576.75 1.24345e-46
577 1.24357e-46
577.25 1.24371e-46
577.5 1.24379e-46
577.75 1.2439e-46
578 1.24397e-46
578.25 1.24412e-46
578.5 1.24409e-46
578.75 1.24418e-46
579 1.24427e-46
579.25 1.24446e-46
579.5 1.24474e-46
579.75 1.24505e-46
580 1.24548e-46
580.25 1.24582e-46
580.5 1.24618e-46
580.75 1.24635e-46
581 1.24662e-46
581.25 1.24689e-46
581.5 1.24719e-46
581.75 1.2476e-46
582 1.24783e-46
582.25 1.24814e-46
582.5 1.24834e-46
582.75 1.24888e-46
583 1.24922e-46
583.25 1.24977e-46
583.5 1.25005e-46
583.75 1.25035e-46
584 1.25077e-46
584.25 1.25111e-46
584.5 1.25134e-46
584.75 1.25168e-46
585 1.25205e-46
585.25 1.25242e-46
585.5 1.25275e-46
585.75 1.25322e-46
586 1.25369e-46
586.25 1.25411e-46
586.5 1.25464e-46
586.75 1.25498e-46
587 1.25562e-46
587.25 1.25629e-46
587.5 1.25703e-46
587.75 1.2574e-46
588 1.25776e-46
588.25 1.2582e-46
588.5 1.25868e-46
588.75 1.2592e-46
589 1.25973e-46
589.25 1.26045e-46
589.5 1.26074e-46
589.75 1.26137e-46
590 1.26186e-46
590.25 1.2624e-46
590.5 1.26287e-46
590.75 1.26339e-46
591 1.26393e-46
591.25 1.26455e-46
591.5 1.26512e-46
591.75 1.26565e-46
592 1.26629e-46
592.25 1.26695e-46
592.5 1.26772e-46
592.75 1.2683e-46
593 1.26898e-46
593.25 1.26966e-46
593.5 1.27036e-46
593.75 1.27114e-46
594 1.27194e-46
594.25 1.27266e-46
594.5 1.27333e-46
594.75 1.27393e-46
595 1.27467e-46
595.25 1.27539e-46
595.5 1.2761e-46
595.75 1.27674e-46
596 1.27756e-46
596.25 1.27835e-46
596.5 1.27902e-46
596.75 1.27969e-46
597 1.28038e-46
597.25 1.281e-46
597.5 1.28179e-46
597.75 1.28261e-46
598 1.28327e-46
598.25 1.28398e-46
598.5 1.28483e-46
598.75 1.28554e-46
599 1.28619e-46
599.25 1.28697e-46
599.5 1.28769e-46
599.75 1.28854e-46
600 1.28943e-46
600.25 1.29016e-46
600.5 1.29101e-46
600.75 1.2918e-46
601 1.29238e-46
601.25 1.29318e-46
601.5 1.29382e-46
601.75 1.29444e-46
602 1.29527e-46
602.25 1.29602e-46
602.5 1.2968e-46
602.75 1.29768e-46
603 1.29864e-46
603.25 1.29942e-46
603.5 1.29989e-46
603.75 1.30057e-46
604 1.30125e-46
604.25 1.30198e-46
604.5 1.30278e-46
604.75 1.30353e-46
605 1.30422e-46
605.25 1.30501e-46
605.5 1.30579e-46
605.75 1.3067e-46
606 1.3075e-46
606.25 1.30822e-46
606.5 1.30904e-46
606.75 1.30979e-46
607 1.3106e-46
607.25 1.31128e-46
607.5 1.31204e-46
607.75 1.31276e-46
608 1.31353e-46
608.25 1.31431e-46
608.5 1.31501e-46
608.75 1.31577e-46
609 1.31643e-46
609.25 1.31719e-46
609.5 1.31794e-46
609.75 1.31877e-46
610 1.31958e-46
610.25 1.32033e-46
610.5 1.32109e-46
610.75 1.32184e-46
611 1.32256e-46
611.25 1.32326e-46
611.5 1.32395e-46
611.75 1.32462e-46
612 1.32541e-46
612.25 1.32615e-46
612.5 1.32689e-46
612.75 1.32766e-46
613 1.32856e-46
613.25 1.32941e-46
613.5 1.33018e-46
613.75 1.33098e-46
614 1.33172e-46
614.25 1.33253e-46
614.5 1.33347e-46
614.75 1.33432e-46
615 1.33515e-46
615.25 1.33587e-46
615.5 1.33678e-46
615.75 1.3376e-46
616 1.33845e-46
616.25 1.33933e-46
616.5 1.34022e-46
616.75 1.3411e-46
617 1.34192e-46
617.25 1.34264e-46
617.5 1.34346e-46
617.75 1.34438e-46
618 1.34516e-46
618.25 1.34596e-46
618.5 1.34673e-46
618.75 1.34753e-46
619 1.34833e-46
619.25 1.3492e-46
619.5 1.35008e-46
619.75 1.35089e-46
620 1.35168e-46
620.25 1.35258e-46
620.5 1.35345e-46
620.75 1.35423e-46
621 1.35497e-46
621.25 1.35586e-46
621.5 1.35674e-46
621.75 1.35766e-46
622 1.35852e-46
622.25 1.35936e-46
622.5 1.3602e-46
622.75 1.36106e-46
623 1.36195e-46
623.25 1.36287e-46
623.5 1.36374e-46
623.75 1.36454e-46
624 1.36539e-46
624.25 1.36627e-46
624.5 1.36713e-46
624.75 1.36793e-46
625 1.36879e-46
625.25 1.3697e-46
625.5 1.37052e-46
625.75 1.37148e-46
626 1.37247e-46
626.25 1.37334e-46
626.5 1.37407e-46
626.75 1.375e-46
627 1.376e-46
627.25 1.37689e-46
627.5 1.37779e-46
627.75 1.37869e-46
628 1.37945e-46
628.25 1.38039e-46
628.5 1.38128e-46
628.75 1.38209e-46
629 1.38303e-46
629.25 1.38389e-46
629.5 1.38484e-46
629.75 1.38575e-46
630 1.3867e-46
630.25 1.38763e-46
630.5 1.3886e-46
630.75 1.38959e-46
631 1.39049e-46
631.25 1.39133e-46
631.5 1.39223e-46
631.75 1.39311e-46
632 1.3941e-46
632.25 1.395e-46
632.5 1.39594e-46
632.75 1.3969e-46
633 1.39783e-46
633.25 1.39874e-46
633.5 1.39957e-46
633.75 1.40046e-46
634 1.40133e-46
634.25 1.40235e-46
634.5 1.40329e-46
634.75 1.40426e-46
635 1.40525e-46
635.25 1.40627e-46
635.5 1.40723e-46
635.75 1.40808e-46
636 1.40905e-46
636.25 1.40998e-46
636.5 1.41098e-46
636.75 1.41187e-46
637 1.41284e-46
637.25 1.41379e-46
637.5 1.41472e-46
637.75 1.41571e-46
638 1.41672e-46
638.25 1.41766e-46
638.5 1.41864e-46
638.75 1.41955e-46
639 1.42056e-46
639.25 1.42157e-46
639.5 1.42258e-46
639.75 1.42354e-46
640 1.42446e-46
640.25 1.42541e-46
640.5 1.42658e-46
640.75 1.42744e-46
641 1.42831e-46
641.25 1.42929e-46
641.5 1.43032e-46
641.75 1.4313e-46
642 1.43228e-46
642.25 1.43333e-46
642.5 1.43434e-46
642.75 1.43527e-46
643 1.43644e-46
643.25 1.43739e-46
643.5 1.43831e-46
643.75 1.43926e-46
644 1.44025e-46
644.25 1.44139e-46
644.5 1.44241e-46
644.75 1.44342e-46
645 1.44447e-46
645.25 1.44547e-46
645.5 1.4465e-46
645.75 1.44733e-46
646 1.4483e-46
646.25 1.4493e-46
646.5 1.45037e-46
646.75 1.45141e-46
647 1.45236e-46
647.25 1.45334e-46
647.5 1.45438e-46
647.75 1.45534e-46
648 1.45642e-46
648.25 1.45746e-46
648.5 1.45856e-46
648.75 1.45955e-46
649 1.4605e-46
649.25 1.46138e-46
649.5 1.46238e-46
649.75 1.46349e-46
650 1.4646e-46
650.25 1.46558e-46
650.5 1.46659e-46
650.75 1.46758e-46
651 1.46853e-46
651.25 1.46955e-46
651.5 1.4706e-46
651.75 1.4716e-46
652 1.47274e-46
652.25 1.47375e-46
652.5 1.47483e-46
652.75 1.47582e-46
653 1.47686e-46
653.25 1.47787e-46
653.5 1.47891e-46
653.75 1.47988e-46
654 1.48094e-46
654.25 1.48195e-46
654.5 1.48291e-46
654.75 1.48397e-46
655 1.48501e-46
655.25 1.48613e-46
655.5 1.48713e-46
655.75 1.48821e-46
656 1.48934e-46
656.25 1.49039e-46
656.5 1.49144e-46
656.75 1.49246e-46
657 1.49359e-46
657.25 1.49466e-46
657.5 1.49568e-46
657.75 1.4968e-46
658 1.49784e-46
658.25 1.49895e-46
658.5 1.49999e-46
658.75 1.50106e-46
659 1.50218e-46
659.25 1.50328e-46
659.5 1.50437e-46
659.75 1.50547e-46
660 1.50643e-46
660.25 1.5075e-46
660.5 1.50857e-46
660.75 1.5097e-46
661 1.51078e-46
661.25 1.51185e-46
661.5 1.51289e-46
661.75 1.51395e-46
662 1.51498e-46
662.25 1.5161e-46
662.5 1.51716e-46
662.75 1.51819e-46
663 1.51929e-46
663.25 1.52034e-46
663.5 1.52147e-46
663.75 1.52261e-46
664 1.5237e-46
664.25 1.52478e-46
664.5 1.52591e-46
664.75 1.527e-46
665 1.52809e-46
665.25 1.52927e-46
665.5 1.53037e-46
665.75 1.53139e-46
666 1.53249e-46
666.25 1.53361e-46
666.5 1.53473e-46
666.75 1.53588e-46
667 1.53698e-46
667.25 1.53803e-46
667.5 1.53913e-46
667.75 1.54022e-46
668 1.54133e-46
668.25 1.54247e-46
668.5 1.54362e-46
668.75 1.54479e-46
669 1.54586e-46
669.25 1.54697e-46
669.5 1.54811e-46
669.75 1.54922e-46
670 1.55046e-46
670.25 1.55159e-46
670.5 1.55271e-46
670.75 1.55391e-46
671 1.55495e-46
671.25 1.55601e-46
671.5 1.55706e-46
671.75 1.5582e-46
672 1.55928e-46
672.25 1.56051e-46
672.5 1.56169e-46
672.75 1.56287e-46
673 1.56395e-46
673.25 1.56537e-46
673.5 1.56624e-46
673.75 1.56731e-46
674 1.56853e-46
674.25 1.56963e-46
674.5 1.57075e-46
674.75 1.57189e-46
675 1.57294e-46
675.25 1.5741e-46
675.5 1.57515e-46
675.75 1.57628e-46
676 1.57741e-46
676.25 1.57857e-46
676.5 1.5797e-46
676.75 1.58079e-46
677 1.58193e-46
677.25 1.58311e-46
677.5 1.58434e-46
677.75 1.58555e-46
678 1.58675e-46
678.25 1.58777e-46
678.5 1.58892e-46
678.75 1.58994e-46
679 1.59105e-46
679.25 1.59219e-46
679.5 1.59342e-46
679.75 1.59454e-46
680 1.59567e-46
680.25 1.59682e-46
680.5 1.59792e-46
680.75 1.59909e-46
681 1.6003e-46
681.25 1.60142e-46
681.5 1.60248e-46
681.75 1.60366e-46
682 1.60475e-46
682.25 1.60589e-46
682.5 1.60705e-46
682.75 1.60828e-46
683 1.60951e-46
683.25 1.61068e-46
683.5 1.61179e-46
683.75 1.61296e-46
684 1.61407e-46
684.25 1.61519e-46
684.5 1.61636e-46
684.75 1.61761e-46
685 1.6188e-46
685.25 1.61998e-46
685.5 1.62107e-46
685.75 1.62219e-46
686 1.62334e-46
686.25 1.62452e-46
686.5 1.62574e-46
686.75 1.62686e-46
687 1.62793e-46
687.25 1.62902e-46
687.5 1.6302e-46
687.75 1.63131e-46
688 1.63246e-46
688.25 1.63364e-46
688.5 1.63483e-46
688.75 1.63602e-46
689 1.63716e-46
689.25 1.63828e-46
689.5 1.63945e-46
689.75 1.64054e-46
690 1.64167e-46
690.25 1.64281e-46
690.5 1.64401e-46
690.75 1.64521e-46
691 1.64633e-46
691.25 1.64756e-46
691.5 1.64876e-46
691.75 1.65001e-46
692 1.65129e-46
692.25 1.65256e-46
692.5 1.65371e-46
692.75 1.65477e-46
693 1.65595e-46
693.25 1.65704e-46
693.5 1.65823e-46
693.75 1.6594e-46
694 1.66054e-46
694.25 1.66171e-46
694.5 1.66287e-46
694.75 1.66398e-46
695 1.66515e-46
695.25 1.6664e-46
695.5 1.66761e-46
695.75 1.66889e-46
696 1.67001e-46
696.25 1.67121e-46
696.5 1.67239e-46
696.75 1.67352e-46
697 1.6747e-46
697.25 1.67593e-46
697.5 1.6772e-46
697.75 1.67833e-46
698 1.67949e-46
698.25 1.6806e-46
698.5 1.68182e-46
698.75 1.683e-46
699 1.6842e-46
699.25 1.68539e-46
699.5 1.68657e-46
699.75 1.68769e-46
700 1.6889e-46
700.25 1.69006e-46
700.5 1.69124e-46
700.75 1.69246e-46
701 1.69361e-46
701.25 1.69472e-46
701.5 1.69591e-46
701.75 1.69712e-46
702 1.69833e-46
702.25 1.6995e-46
702.5 1.70071e-46
702.75 1.70191e-46
703 1.70315e-46
703.25 1.70427e-46
703.5 1.70553e-46
703.75 1.70673e-46
704 1.70786e-46
704.25 1.70906e-46
704.5 1.71019e-46
704.75 1.71137e-46
705 1.71256e-46
705.25 1.71378e-46
705.5 1.715e-46
705.75 1.71609e-46
706 1.71725e-46
706.25 1.71846e-46
706.5 1.71966e-46
706.75 1.7209e-46
707 1.72213e-46
707.25 1.72335e-46
707.5 1.72461e-46
707.75 1.72575e-46
708 1.72684e-46
708.25 1.72801e-46
708.5 1.72923e-46
708.75 1.73044e-46
709 1.73165e-46
709.25 1.73284e-46
709.5 1.73402e-46
709.75 1.73525e-46
710 1.73648e-46
710.25 1.73751e-46
710.5 1.73874e-46
710.75 1.73998e-46
711 1.7411e-46
711.25 1.74227e-46
711.5 1.74343e-46
711.75 1.74465e-46
712 1.74589e-46
712.25 1.74713e-46
712.5 1.74842e-46
712.75 1.74972e-46
713 1.75102e-46
713.25 1.75222e-46
713.5 1.75336e-46
713.75 1.75454e-46
714 1.75576e-46
714.25 1.75689e-46
714.5 1.75795e-46
714.75 1.75918e-46
715 1.7603e-46
715.25 1.76144e-46
715.5 1.76263e-46
715.75 1.76374e-46
716 1.76498e-46
716.25 1.76609e-46
716.5 1.76731e-46
716.75 1.76854e-46
717 1.76979e-46
717.25 1.77092e-46
717.5 1.77215e-46
717.75 1.77342e-46
718 1.77463e-46
718.25 1.77582e-46
718.5 1.77707e-46
718.75 1.77822e-46
719 1.77937e-46
719.25 1.78058e-46
719.5 1.78171e-46
719.75 1.78287e-46
720 1.78404e-46
720.25 1.78525e-46
720.5 1.78649e-46
720.75 1.78763e-46
721 1.78882e-46
721.25 1.79e-46
721.5 1.79121e-46
721.75 1.79237e-46
722 1.79357e-46
722.25 1.79473e-46
722.5 1.79593e-46
722.75 1.79715e-46
723 1.79838e-46
723.25 1.79962e-46
723.5 1.8008e-46
723.75 1.80199e-46
724 1.80319e-46
724.25 1.80439e-46
724.5 1.8056e-46
724.75 1.8068e-46
725 1.80805e-46
725.25 1.80924e-46
725.5 1.81043e-46
725.75 1.81161e-46
726 1.81283e-46
726.25 1.81405e-46
726.5 1.81524e-46
726.75 1.81646e-46
727 1.81777e-46
727.25 1.81889e-46
727.5 1.82008e-46
727.75 1.82122e-46
728 1.8224e-46
728.25 1.82364e-46
728.5 1.82484e-46
728.75 1.82595e-46
729 1.82708e-46
729.25 1.82829e-46
729.5 1.82952e-46
729.75 1.83065e-46
730 1.83193e-46
730.25 1.83315e-46
730.5 1.83434e-46
730.75 1.83555e-46
731 1.83671e-46
731.25 1.83781e-46
731.5 1.83897e-46
731.75 1.84018e-46
732 1.84135e-46
732.25 1.84255e-46
732.5 1.84374e-46
732.75 1.84491e-46
733 1.84616e-46
733.25 1.84741e-46
733.5 1.84856e-46
733.75 1.84981e-46
734 1.851e-46
734.25 1.85215e-46
734.5 1.85338e-46
734.75 1.85452e-46
735 1.85568e-46
735.25 1.85686e-46
735.5 1.858e-46
735.75 1.85922e-46
736 1.86048e-46
736.25 1.86175e-46
736.5 1.86295e-46
736.75 1.86413e-46
737 1.8653e-46
737.25 1.86656e-46
737.5 1.86781e-46
737.75 1.86902e-46
738 1.87015e-46
738.25 1.87125e-46
738.5 1.87242e-46
738.75 1.87364e-46
739 1.87489e-46
739.25 1.87609e-46
739.5 1.87737e-46
739.75 1.87855e-46
740 1.87972e-46
740.25 1.88099e-46
740.5 1.88214e-46
740.75 1.88327e-46
741 1.88448e-46
741.25 1.88565e-46
741.5 1.88682e-46
741.75 1.88804e-46
742 1.88925e-46
742.25 1.89041e-46
742.5 1.89157e-46
742.75 1.89268e-46
743 1.89396e-46
743.25 1.8951e-46
743.5 1.89629e-46
743.75 1.89766e-46
744 1.89872e-46
744.25 1.90009e-46
744.5 1.90123e-46
744.75 1.90243e-46
745 1.90358e-46
745.25 1.90476e-46
745.5 1.90592e-46
745.75 1.90715e-46
746 1.9083e-46
746.25 1.90952e-46
746.5 1.91071e-46
746.75 1.91193e-46
747 1.91311e-46
747.25 1.91424e-46
747.5 1.91539e-46
747.75 1.91659e-46
748 1.91779e-46
748.25 1.919e-46
748.5 1.92024e-46
748.75 1.92138e-46
749 1.92265e-46
749.25 1.92386e-46
749.5 1.92519e-46
749.75 1.92632e-46
750 1.92751e-46
750.25 1.92868e-46
750.5 1.92986e-46
750.75 1.931e-46
751 1.93213e-46
751.25 1.9333e-46
751.5 1.93456e-46
751.75 1.93561e-46
752 1.93682e-46
752.25 1.93795e-46
752.5 1.93902e-46
752.75 1.94022e-46
753 1.94147e-46
753.25 1.94265e-46
753.5 1.94388e-46
753.75 1.9451e-46
754 1.94634e-46
754.25 1.9475e-46
754.5 1.94853e-46
754.75 1.94977e-46
755 1.9509e-46
755.25 1.95206e-46
755.5 1.95312e-46
755.75 1.95435e-46
756 1.95556e-46
756.25 1.95665e-46
756.5 1.95771e-46
756.75 1.95876e-46
757 1.95983e-46
757.25 1.96101e-46
757.5 1.9622e-46
757.75 1.96334e-46
758 1.96449e-46
758.25 1.96562e-46
758.5 1.96685e-46
758.75 1.96786e-46
759 1.96912e-46
759.25 1.97018e-46
759.5 1.9713e-46
759.75 1.97244e-46
760 1.97361e-46
760.25 1.97479e-46
760.5 1.97597e-46
760.75 1.97707e-46
761 1.97812e-46
761.25 1.97926e-46
761.5 1.98032e-46
761.75 1.98147e-46
762 1.98267e-46
762.25 1.98381e-46
762.5 1.9849e-46
762.75 1.98602e-46
763 1.98721e-46
763.25 1.98833e-46
763.5 1.98942e-46
763.75 1.99052e-46
764 1.99174e-46
764.25 1.99293e-46
764.5 1.99407e-46
764.75 1.99521e-46
765 1.99635e-46
765.25 1.99747e-46
765.5 1.99869e-46
765.75 1.99981e-46
766 2.00088e-46
766.25 2.00195e-46
766.5 2.00308e-46
766.75 2.00419e-46
767 2.00535e-46
767.25 2.00644e-46
767.5 2.0075e-46
767.75 2.00863e-46
768 2.00977e-46
768.25 2.01085e-46
768.5 2.012e-46
768.75 2.01312e-46
769 2.01424e-46
769.25 2.0154e-46
769.5 2.01657e-46
769.75 2.01769e-46
770 2.01879e-46
770.25 2.01988e-46
770.5 2.02095e-46
770.75 2.02208e-46
771 2.02323e-46
771.25 2.02432e-46
771.5 2.02543e-46
771.75 2.02645e-46
772 2.02751e-46
772.25 2.02863e-46
772.5 2.02976e-46
772.75 2.03083e-46
773 2.03189e-46
773.25 2.03295e-46
773.5 2.03401e-46
773.75 2.03516e-46
774 2.0362e-46
774.25 2.03728e-46
774.5 2.03845e-46
774.75 2.03954e-46
775 2.04064e-46
775.25 2.04169e-46
775.5 2.04279e-46
775.75 2.04384e-46
776 2.04494e-46
776.25 2.04596e-46
776.5 2.04701e-46
776.75 2.0481e-46
777 2.04912e-46
777.25 2.05008e-46
777.5 2.05122e-46
777.75 2.0523e-46
778 2.05349e-46
778.25 2.05461e-46
778.5 2.05569e-46
778.75 2.05672e-46
779 2.05783e-46
779.25 2.05886e-46
779.5 2.05996e-46
779.75 2.06108e-46
780 2.06211e-46
780.25 2.06317e-46
780.5 2.06412e-46
780.75 2.06519e-46
781 2.06625e-46
781.25 2.06727e-46
781.5 2.06827e-46
781.75 2.06925e-46
782 2.07042e-46
782.25 2.07146e-46
782.5 2.07242e-46
782.75 2.0734e-46
783 2.0743e-46
783.25 2.07534e-46
783.5 2.07652e-46
783.75 2.07752e-46
784 2.07852e-46
784.25 2.07949e-46
784.5 2.08049e-46
784.75 2.0815e-46
785 2.08254e-46
785.25 2.08355e-46
785.5 2.08453e-46
785.75 2.0857e-46
786 2.08674e-46
786.25 2.08778e-46
786.5 2.08885e-46
786.75 2.08993e-46
787 2.09092e-46
787.25 2.09195e-46
787.5 2.09296e-46
787.75 2.09403e-46
788 2.09496e-46
788.25 2.09599e-46
788.5 2.09707e-46
788.75 2.09804e-46
789 2.09907e-46
789.25 2.10005e-46
789.5 2.10104e-46
789.75 2.10196e-46
790 2.10292e-46
790.25 2.10392e-46
790.5 2.10491e-46
790.75 2.10593e-46
791 2.10697e-46
791.25 2.10789e-46
791.5 2.10882e-46
791.75 2.10978e-46
792 2.11074e-46
792.25 2.11173e-46
792.5 2.11268e-46
792.75 2.11354e-46
793 2.1144e-46
793.25 2.11535e-46
793.5 2.11624e-46
793.75 2.11722e-46
794 2.11822e-46
794.25 2.11921e-46
794.5 2.12003e-46
794.75 2.12097e-46
795 2.12194e-46
795.25 2.12288e-46
795.5 2.1238e-46
795.75 2.12478e-46
796 2.12574e-46
796.25 2.12669e-46
796.5 2.12763e-46
796.75 2.12855e-46
797 2.12947e-46
797.25 2.13029e-46
797.5 2.13117e-46
797.75 2.1322e-46
798 2.13312e-46
798.25 2.13409e-46
798.5 2.13498e-46
798.75 2.13587e-46
799 2.13678e-46
799.25 2.13771e-46
799.5 2.13868e-46
799.75 2.13963e-46
800 2.14063e-46
800.25 2.14156e-46
800.5 2.14248e-46
800.75 2.14349e-46
801 2.14435e-46
801.25 2.14527e-46
801.5 2.14619e-46
801.75 2.14711e-46
802 2.14798e-46
802.25 2.14886e-46
802.5 2.14975e-46
802.75 2.15068e-46
803 2.15153e-46
803.25 2.1523e-46
803.5 2.15317e-46
803.75 2.154e-46
804 2.15485e-46
804.25 2.15567e-46
804.5 2.15639e-46
804.75 2.15716e-46
805 2.15806e-46
805.25 2.15898e-46
805.5 2.15977e-46
805.75 2.16063e-46
806 2.16155e-46
806.25 2.16252e-46
806.5 2.16331e-46
806.75 2.16422e-46
807 2.16503e-46
807.25 2.16593e-46
807.5 2.1669e-46
807.75 2.1678e-46
808 2.1686e-46
808.25 2.16946e-46
808.5 2.17033e-46
808.75 2.17107e-46
809 2.1719e-46
809.25 2.17281e-46
809.5 2.17374e-46
809.75 2.17457e-46
810 2.17535e-46
810.25 2.17623e-46
810.5 2.17694e-46
810.75 2.17777e-46
811 2.17863e-46
811.25 2.17934e-46
811.5 2.18011e-46
811.75 2.18094e-46
812 2.18171e-46
812.25 2.18255e-46
812.5 2.18335e-46
812.75 2.18414e-46
813 2.18494e-46
813.25 2.18573e-46
813.5 2.18659e-46
813.75 2.18738e-46
814 2.1883e-46
814.25 2.18904e-46
814.5 2.18983e-46
814.75 2.19063e-46
815 2.19155e-46
815.25 2.19233e-46
815.5 2.19308e-46
815.75 2.1938e-46
816 2.19457e-46
816.25 2.19543e-46
816.5 2.19612e-46
816.75 2.19688e-46
817 2.19801e-46
817.25 2.199e-46
817.5 2.19916e-46
817.75 2.1998e-46
818 2.20053e-46
818.25 2.2012e-46
818.5 2.20192e-46
818.75 2.20262e-46
819 2.20332e-46
819.25 2.20402e-46
819.5 2.20471e-46
819.75 2.20545e-46
820 2.20616e-46
820.25 2.20687e-46
820.5 2.20767e-46
820.75 2.20839e-46
821 2.20905e-46
821.25 2.20976e-46
821.5 2.21053e-46
821.75 2.21129e-46
822 2.21197e-46
822.25 2.21261e-46
822.5 2.21332e-46
822.75 2.21391e-46
823 2.21457e-46
823.25 2.21527e-46
823.5 2.21594e-46
823.75 2.21663e-46
824 2.21733e-46
824.25 2.21794e-46
824.5 2.21849e-46
824.75 2.2191e-46
825 2.21965e-46
825.25 2.22027e-46
825.5 2.22098e-46
825.75 2.22162e-46
826 2.22224e-46
826.25 2.22288e-46
826.5 2.22356e-46
826.75 2.22407e-46
827 2.22475e-46
827.25 2.22541e-46
827.5 2.22602e-46
827.75 2.22667e-46
828 2.2273e-46
828.25 2.22791e-46
828.5 2.22853e-46
828.75 2.22912e-46
829 2.22978e-46
829.25 2.23032e-46
829.5 2.23086e-46
829.75 2.23154e-46
830 2.23221e-46
830.25 2.23288e-46
830.5 2.23339e-46
830.75 2.23401e-46
831 2.23457e-46
831.25 2.23522e-46
831.5 2.23586e-46
831.75 2.23641e-46
832 2.23706e-46
832.25 2.23764e-46
832.5 2.23817e-46
832.75 2.23877e-46
833 2.23931e-46
833.25 2.23988e-46
833.5 2.2405e-46
833.75 2.24119e-46
834 2.2417e-46
834.25 2.24216e-46
834.5 2.24279e-46
834.75 2.24338e-46
835 2.24382e-46
835.25 2.24433e-46
835.5 2.24489e-46
835.75 2.24553e-46
836 2.24611e-46
836.25 2.24661e-46
836.5 2.24712e-46
836.75 2.2477e-46
837 2.24815e-46
837.25 2.24872e-46
837.5 2.24923e-46
837.75 2.24965e-46
838 2.2502e-46
838.25 2.25074e-46
838.5 2.25114e-46
838.75 2.25167e-46
839 2.25209e-46
839.25 2.25268e-46
839.5 2.25307e-46
839.75 2.25363e-46
840 2.25415e-46
840.25 2.25457e-46
840.5 2.255e-46
840.75 2.25535e-46
841 2.25583e-46
841.25 2.25625e-46
841.5 2.25682e-46
841.75 2.25725e-46
842 2.2577e-46
842.25 2.25809e-46
842.5 2.25855e-46
842.75 2.25893e-46
843 2.25947e-46
843.25 2.25988e-46
843.5 2.26026e-46
843.75 2.26067e-46
844 2.26112e-46
844.25 2.2615e-46
844.5 2.26194e-46
844.75 2.26236e-46
845 2.26274e-46
845.25 2.26307e-46
845.5 2.2634e-46
845.75 2.26386e-46
846 2.26431e-46
846.25 2.2648e-46
846.5 2.26514e-46
846.75 2.26547e-46
847 2.2659e-46
847.25 2.2662e-46
847.5 2.26651e-46
847.75 2.26685e-46
848 2.26715e-46
848.25 2.2675e-46
848.5 2.26781e-46
848.75 2.26815e-46
849 2.26849e-46
849.25 2.2688e-46
849.5 2.26905e-46
849.75 2.26944e-46
850 2.26987e-46
850.25 2.2701e-46
850.5 2.27041e-46
850.75 2.27071e-46
851 2.27109e-46
851.25 2.27141e-46
851.5 2.27165e-46
851.75 2.27198e-46
852 2.27234e-46
852.25 2.27274e-46
852.5 2.27309e-46
852.75 2.27335e-46
853 2.27352e-46
853.25 2.27372e-46
853.5 2.27404e-46
853.75 2.27425e-46
854 2.27446e-46
854.25 2.27464e-46
854.5 2.27479e-46
854.75 2.27509e-46
855 2.27531e-46
855.25 2.27565e-46
855.5 2.2759e-46
855.75 2.27607e-46
856 2.27644e-46
856.25 2.27666e-46
856.5 2.2768e-46
856.75 2.27704e-46
857 2.27732e-46
857.25 2.27765e-46
857.5 2.27783e-46
857.75 2.2781e-46
858 2.27827e-46
858.25 2.27843e-46
858.5 2.27862e-46
858.75 2.27873e-46
859 2.27885e-46
859.25 2.27908e-46
859.5 2.27927e-46
859.75 2.27952e-46
860 2.27965e-46
860.25 2.27979e-46
860.5 2.27988e-46
860.75 2.28004e-46
861 2.28018e-46
861.25 2.28023e-46
861.5 2.28042e-46
861.75 2.28051e-46
862 2.28066e-46
862.25 2.28079e-46
862.5 2.28097e-46
862.75 2.28111e-46
863 2.28115e-46
863.25 2.28124e-46
863.5 2.28142e-46
863.75 2.28142e-46
864 2.2816e-46
864.25 2.28159e-46
864.5 2.28166e-46
864.75 2.28173e-46
865 2.28187e-46
865.25 2.28209e-46
865.5 2.28212e-46
865.75 2.28231e-46
866 2.28244e-46
866.25 2.28247e-46
866.5 2.28261e-46
866.75 2.28262e-46
867 2.28268e-46
867.25 2.28265e-46
867.5 2.28276e-46
867.75 2.28285e-46
868 2.2829e-46
868.25 2.28294e-46
868.5 2.28297e-46
868.75 2.28305e-46
869 2.28302e-46
869.25 2.28298e-46
869.5 2.28315e-46
869.75 2.28315e-46
870 2.28315e-46
870.25 2.28314e-46
870.5 2.28306e-46
870.75 2.28301e-46
871 2.28299e-46
871.25 2.28293e-46
871.5 2.28284e-46
871.75 2.28272e-46
872 2.28268e-46
872.25 2.28264e-46
872.5 2.2825e-46
872.75 2.28259e-46
873 2.28253e-46
873.25 2.28241e-46
873.5 2.28235e-46
873.75 2.28227e-46
874 2.28221e-46
874.25 2.28211e-46
874.5 2.28197e-46
874.75 2.28184e-46
875 2.2818e-46
875.25 2.2816e-46
875.5 2.28151e-46
875.75 2.28141e-46
876 2.28142e-46
876.25 2.28124e-46
876.5 2.28107e-46
876.75 2.28093e-46
877 2.2808e-46
877.25 2.28062e-46
877.5 2.28056e-46
877.75 2.28047e-46
878 2.28031e-46
878.25 2.28015e-46
878.5 2.27998e-46
878.75 2.2799e-46
879 2.27982e-46
879.25 2.27969e-46
879.5 2.27949e-46
879.75 2.27934e-46
880 2.27923e-46
880.25 2.27905e-46
880.5 2.27886e-46
880.75 2.27867e-46
881 2.27856e-46
881.25 2.27835e-46
881.5 2.27835e-46
881.75 2.27789e-46
882 2.27768e-46
882.25 2.27746e-46
882.5 2.27722e-46
882.75 2.27701e-46
883 2.27683e-46
883.25 2.27667e-46
883.5 2.27638e-46
883.75 2.27629e-46
884 2.27602e-46
884.25 2.27569e-46
884.5 2.27547e-46
884.75 2.27517e-46
885 2.27494e-46
885.25 2.27463e-46
885.5 2.27428e-46
885.75 2.27397e-46
886 2.27366e-46
886.25 2.27323e-46
886.5 2.27288e-46
886.75 2.27259e-46
887 2.27233e-46
887.25 2.27191e-46
887.5 2.27148e-46
887.75 2.27114e-46
888 2.27097e-46
888.25 2.27071e-46
888.5 2.27023e-46
888.75 2.26991e-46
889 2.26962e-46
889.25 2.2693e-46
889.5 2.26906e-46
889.75 2.26869e-46
890 2.26829e-46
890.25 2.26787e-46
890.5 2.26748e-46
890.75 2.26711e-46
891 2.26669e-46
891.25 2.26638e-46
891.5 2.26602e-46
891.75 2.26573e-46
892 2.26528e-46
892.25 2.26491e-46
892.5 2.26444e-46
892.75 2.26403e-46
893 2.26352e-46
893.25 2.26296e-46
893.5 2.26247e-46
893.75 2.26204e-46
894 2.26156e-46
894.25 2.26116e-46
894.5 2.26059e-46
894.75 2.26045e-46
895 2.25983e-46
895.25 2.25934e-46
895.5 2.25881e-46
895.75 2.25831e-46
896 2.25783e-46
896.25 2.25735e-46
896.5 2.25696e-46
896.75 2.25638e-46
897 2.25597e-46
897.25 2.25543e-46
897.5 2.25496e-46
897.75 2.25431e-46
898 2.25373e-46
898.25 2.25329e-46
898.5 2.25268e-46
898.75 2.25213e-46
899 2.2515e-46
899.25 2.25103e-46
899.5 2.25043e-46
899.75 2.24982e-46
900 2.24931e-46
900.25 2.24869e-46
900.5 2.24803e-46
900.75 2.24739e-46
901 2.24677e-46
901.25 2.24611e-46
901.5 2.24556e-46
901.75 2.24501e-46
902 2.24448e-46
902.25 2.24393e-46
902.5 2.24338e-46
902.75 2.24285e-46
903 2.24216e-46
903.25 2.24154e-46
903.5 2.24095e-46
903.75 2.24022e-46
904 2.23961e-46
904.25 2.23903e-46
904.5 2.23832e-46
904.75 2.23775e-46
905 2.23706e-46
905.25 2.23632e-46
905.5 2.23566e-46
905.75 2.23504e-46
906 2.23448e-46
906.25 2.23388e-46
906.5 2.23312e-46
906.75 2.2324e-46
907 2.23181e-46
907.25 2.23101e-46
907.5 2.23036e-46
907.75 2.22963e-46
908 2.22893e-46
908.25 2.22826e-46
908.5 2.22758e-46
908.75 2.2268e-46
909 2.22615e-46
909.25 2.22536e-46
909.5 2.22466e-46
909.75 2.22391e-46
910 2.22319e-46
910.25 2.22234e-46
910.5 2.22153e-46
910.75 2.22077e-46
911 2.21989e-46
911.25 2.2191e-46
911.5 2.21832e-46
911.75 2.21757e-46
912 2.21672e-46
912.25 2.21586e-46
912.5 2.21513e-46
912.75 2.21427e-46
913 2.21361e-46
913.25 2.21286e-46
913.5 2.21209e-46
913.75 2.21126e-46
914 2.21045e-46
914.25 2.20982e-46
914.5 2.20928e-46
914.75 2.20865e-46
915 2.20775e-46
915.25 2.20748e-46
915.5 2.20734e-46
915.75 2.20566e-46
916 2.20432e-46
916.25 2.20327e-46
916.5 2.20223e-46
916.75 2.20122e-46
917 2.20016e-46
917.25 2.1992e-46
917.5 2.19834e-46
917.75 2.19723e-46
918 2.19629e-46
918.25 2.19534e-46
918.5 2.1944e-46
918.75 2.19355e-46
919 2.19256e-46
919.25 2.19161e-46
919.5 2.19069e-46
919.75 2.18978e-46
920 2.1888e-46
920.25 2.18792e-46
920.5 2.18681e-46
920.75 2.18575e-46
921 2.18484e-46
921.25 2.18388e-46
921.5 2.18298e-46
921.75 2.18187e-46
922 2.18081e-46
922.25 2.17986e-46
922.5 2.17877e-46
922.75 2.17777e-46
923 2.17672e-46
923.25 2.17577e-46
923.5 2.17466e-46
923.75 2.17349e-46
924 2.17243e-46
924.25 2.17129e-46
924.5 2.1701e-46
924.75 2.16896e-46
925 2.16783e-46
925.25 2.1668e-46
925.5 2.16555e-46
925.75 2.16434e-46
926 2.16318e-46
926.25 2.16204e-46
926.5 2.1609e-46
926.75 2.15958e-46
927 2.15844e-46
927.25 2.15734e-46
927.5 2.15623e-46
927.75 2.15515e-46
928 2.15413e-46
928.25 2.15288e-46
928.5 2.15167e-46
928.75 2.15054e-46
929 2.14939e-46
929.25 2.14817e-46
929.5 2.14686e-46
929.75 2.14579e-46
930 2.14468e-46
930.25 2.14334e-46
930.5 2.14204e-46
930.75 2.14096e-46
931 2.13972e-46
931.25 2.13844e-46
931.5 2.13726e-46
931.75 2.13598e-46
932 2.13467e-46
932.25 2.13333e-46
932.5 2.13218e-46
932.75 2.13107e-46
933 2.13007e-46
933.25 2.12877e-46
933.5 2.12755e-46
933.75 2.12628e-46
934 2.12506e-46
934.25 2.12387e-46
934.5 2.12268e-46
934.75 2.12145e-46
935 2.12022e-46
935.25 2.11891e-46
935.5 2.11756e-46
935.75 2.11619e-46
936 2.11488e-46
936.25 2.11347e-46
936.5 2.11216e-46
936.75 2.11092e-46
937 2.1097e-46
937.25 2.1083e-46
937.5 2.10707e-46
937.75 2.1059e-46
938 2.10452e-46
938.25 2.10309e-46
938.5 2.10175e-46
938.75 2.10048e-46
939 2.09915e-46
939.25 2.09776e-46
939.5 2.09646e-46
939.75 2.09509e-46
940 2.09366e-46
940.25 2.09219e-46
940.5 2.09086e-46
940.75 2.08937e-46
941 2.08804e-46
941.25 2.0866e-46
941.5 2.08527e-46
941.75 2.0839e-46
942 2.08244e-46
942.25 2.08109e-46
942.5 2.07953e-46
942.75 2.07785e-46
943 2.07623e-46
943.25 2.07482e-46
943.5 2.07338e-46
943.75 2.07192e-46
944 2.07036e-46
944.25 2.06878e-46
944.5 2.06724e-46
944.75 2.06577e-46
945 2.06411e-46
945.25 2.06262e-46
945.5 2.06095e-46
945.75 2.05943e-46
946 2.05793e-46
946.25 2.05644e-46
946.5 2.05501e-46
946.75 2.05338e-46
947 2.05204e-46
947.25 2.05041e-46
947.5 2.04907e-46
947.75 2.04739e-46
948 2.04571e-46
948.25 2.04398e-46
948.5 2.04275e-46
948.75 2.04126e-46
949 2.03986e-46
949.25 2.03836e-46
949.5 2.03688e-46
949.75 2.03541e-46
950 2.03396e-46
950.25 2.03254e-46
950.5 2.03105e-46
950.75 2.02951e-46
951 2.02812e-46
951.25 2.02654e-46
951.5 2.02498e-46
951.75 2.02332e-46
952 2.02165e-46
952.25 2.0199e-46
952.5 2.0183e-46
952.75 2.01682e-46
953 2.0154e-46
953.25 2.01392e-46
953.5 2.01234e-46
953.75 2.01081e-46
954 2.00923e-46
954.25 2.0077e-46
954.5 2.00613e-46
954.75 2.00461e-46
955 2.00328e-46
955.25 2.00187e-46
955.5 2.00025e-46
955.75 1.99869e-46
956 1.99712e-46
956.25 1.99539e-46
956.5 1.99368e-46
956.75 1.99205e-46
957 1.99034e-46
957.25 1.98879e-46
957.5 1.98724e-46
957.75 1.98569e-46
958 1.98392e-46
958.25 1.98198e-46
958.5 1.98018e-46
958.75 1.97838e-46
959 1.97666e-46
959.25 1.97482e-46
959.5 1.9729e-46
959.75 1.97087e-46
960 1.96907e-46
960.25 1.96692e-46
960.5 1.96493e-46
960.75 1.96261e-46
961 1.96045e-46
961.25 1.95818e-46
961.5 1.95583e-46
961.75 1.95361e-46
962 1.95135e-46
962.25 1.94872e-46
962.5 1.94615e-46
962.75 1.94356e-46
963 1.94093e-46
963.25 1.93845e-46
963.5 1.93552e-46
963.75 1.93265e-46
964 1.92961e-46
964.25 1.92655e-46
964.5 1.9236e-46
964.75 1.92052e-46
965 1.9171e-46
965.25 1.91354e-46
965.5 1.91003e-46
965.75 1.90621e-46
966 1.90235e-46
966.25 1.89845e-46
966.5 1.89451e-46
966.75 1.89044e-46
967 1.88624e-46
967.25 1.88189e-46
967.5 1.87759e-46
967.75 1.87323e-46
968 1.86866e-46
968.25 1.8639e-46
968.5 1.85895e-46
968.75 1.85388e-46
969 1.8486e-46
969.25 1.84339e-46
969.5 1.83804e-46
969.75 1.83258e-46
970 1.82706e-46
970.25 1.82123e-46
970.5 1.81533e-46
970.75 1.80917e-46
971 1.80296e-46
971.25 1.79647e-46
971.5 1.78994e-46
971.75 1.78317e-46
972 1.77616e-46
972.25 1.76912e-46
972.5 1.7618e-46
972.75 1.75424e-46
973 1.74668e-46
973.25 1.73878e-46
973.5 1.73087e-46
973.75 1.72303e-46
974 1.71496e-46
974.25 1.70678e-46
974.5 1.69845e-46
974.75 1.68999e-46
975 1.68152e-46
975.25 1.67281e-46
975.5 1.66401e-46
975.75 1.65515e-46
976 1.64631e-46
976.25 1.63698e-46
976.5 1.62763e-46
976.75 1.61828e-46
977 1.60885e-46
977.25 1.59936e-46
977.5 1.58956e-46
977.75 1.57986e-46
978 1.57015e-46
978.25 1.56036e-46
978.5 1.55051e-46
978.75 1.54031e-46
979 1.52982e-46
979.25 1.51934e-46
979.5 1.50878e-46
979.75 1.49807e-46
980 1.48718e-46
980.25 1.47619e-46
980.5 1.46512e-46
980.75 1.45384e-46
981 1.44233e-46
981.25 1.43114e-46
981.5 1.41989e-46
981.75 1.40869e-46
982 1.39744e-46
982.25 1.38581e-46
982.5 1.37408e-46
982.75 1.36213e-46
983 1.35009e-46
983.25 1.33759e-46
983.5 1.32499e-46
983.75 1.31257e-46
984 1.30042e-46
984.25 1.28825e-46
984.5 1.27608e-46
984.75 1.26355e-46
985 1.25127e-46
985.25 1.23911e-46
985.5 1.22715e-46
985.75 1.21523e-46
986 1.20303e-46
986.25 1.19113e-46
986.5 1.17956e-46
986.75 1.16804e-46
987 1.15668e-46
987.25 1.14583e-46
987.5 1.1357e-46
987.75 1.12683e-46
988 1.11912e-46
988.25 1.11528e-46
988.5 1.11559e-46
988.75 1.12473e-46
989 1.14954e-46
989.25 1.21309e-46
989.5 1.3486e-46
989.75 1.68051e-46
990 2.47015e-46
990.25 4.38501e-46
990.5 9.38164e-46
990.75 2.36101e-45
991 7.11812e-45
991.25 2.60439e-44
991.5 2.37827e-43
991.75 2.58134e-43
992 2.67446e-44
992.25 7.20476e-45
992.5 2.37929e-45
992.75 9.39963e-46
993 4.31722e-46
993.25 2.3458e-46
993.5 1.52416e-46
993.75 1.1613e-46
994 9.96265e-47
994.25 9.16101e-47
994.5 8.69488e-47
994.75 8.42056e-47
995 8.26873e-47
995.25 8.19206e-47
995.5 8.17431e-47
995.75 8.20207e-47
996 8.27657e-47
996.25 8.46533e-47
996.5 8.76416e-47
996.75 9.21338e-47
997 9.93027e-47
997.25 1.10986e-46
997.5 1.31099e-46
997.75 1.70626e-46
998 2.68775e-46
998.25 6.46292e-46
998.5 3.2419e-45
998.75 9.08479e-45
999 9.58641e-46
999.25 3.44773e-46
999.5 1.98852e-46
999.75 1.4312e-46
1000 1.1648e-46
1000.25 1.01638e-46
1000.5 9.27152e-47
1000.75 8.72344e-47
1001 8.3447e-47
1001.25 8.1255e-47
1001.5 7.96e-47
1001.75 7.8397e-47
1002 7.78031e-47
1002.25 7.76276e-47
1002.5 7.77219e-47
1002.75 7.83359e-47
1003 7.93206e-47
1003.25 8.06453e-47
1003.5 8.24112e-47
1003.75 8.45068e-47
1004 8.69649e-47
1004.25 8.9763e-47
1004.5 9.29991e-47
1004.75 9.66731e-47
1005 1.00801e-46
1005.25 1.05496e-46
1005.5 1.1074e-46
1005.75 1.16632e-46
1006 1.23469e-46
1006.25 1.31323e-46
1006.5 1.40799e-46
1006.75 1.52048e-46
1007 1.65434e-46
1007.25 1.82211e-46
1007.5 2.04308e-46
1007.75 2.33002e-46
1008 2.72656e-46
1008.25 3.32834e-46
1008.5 4.31549e-46
1008.75 6.02594e-46
1009 9.29412e-46
1009.25 1.63365e-45
1009.5 3.33404e-45
1009.75 7.94774e-45
1010 2.23591e-44
1010.25 7.78883e-44
1010.5 3.46549e-43
1010.75 3.32453e-42
1011 3.87571e-42
1011.25 3.80944e-43
1011.5 1.54119e-43
1011.75 2.0512e-43
1012 7.29257e-43
1012.25 2.50943e-41
1012.5 1.0668e-42
1012.75 2.36479e-43
1013 9.19059e-44
1013.25 4.92384e-44
1013.5 4.00412e-44
1013.75 4.81951e-44
1014 7.77667e-44
1014.25 1.69973e-43
1014.5 7.08367e-43
1014.75 1.39488e-41
1015 6.00456e-43
1015.25 1.62173e-43
1015.5 7.52197e-44
1015.75 4.43265e-44
1016 3.0721e-44
1016.25 2.44009e-44
1016.5 2.14266e-44
1016.75 2.14614e-44
1017 2.72842e-44
1017.25 6.31329e-44
1017.5 2.83864e-43
1017.75 4.42869e-42
1018 6.88264e-42
1018.25 3.73341e-43
1018.5 9.01804e-44
1018.75 5.89781e-44
1019 6.23516e-44
1019.25 7.20093e-44
1019.5 8.47039e-44
1019.75 1.00875e-43
1020 1.21221e-43
1020.25 1.46062e-43
1020.5 1.76752e-43
1020.75 2.14063e-43
1021 2.5953e-43
1021.25 3.15221e-43
1021.5 3.83962e-43
1021.75 4.69015e-43
1022 5.78458e-43
1022.25 7.18038e-43
1022.5 8.94768e-43
1022.75 1.1222e-42
1023 1.39525e-42
1023.25 1.71329e-42
1023.5 2.09178e-42
1023.75 7.41992e-42
